SID,ADMA2X,26L,5
CF,KKW02,51.137656,-0.266325,0,DET,253.3,34.1,258.0,2.0,2,1500,0,1,220,0,0,1
CF,KKE09,51.195533,-0.206644,2,DET,258.2,31.0,78.0,3.0,2,3200,0,1,220,0,0,0
TF,KKE11,51.202697,-0.154894,0, ,0.0,0.0,0.0,0.0,3,4000,0,1,250,0,0,0
TF,KKE15,51.213975,-0.073089,0, ,0.0,0.0,0.0,0.0,0,0,0,1,250,0,0,0
TF,SUNAV,51.260250,0.194389,0, ,0.0,0.0,0.0,0.0,1,5000,0,1,250,0,0,0
TF,ADMAG,51.233864,0.492678,0, ,0.0,0.0,0.0,0.0,1,6000,0,1,250,0,0,0

SID,BIG2X,26L,5
CF,KKW02,51.137656,-0.266325,0,BIG,225.5,16.2,258.0,2.0,2,1500,0,1,220,0,0,1
CF,KKE09,51.195533,-0.206644,2,LAM,206.6,30.2,78.0,4.0,2,3200,0,1,220,0,0,0
TF,KKE11,51.202697,-0.154894,0, ,0.0,0.0,0.0,0.0,3,4000,0,1,230,0,0,0
TF,KKE15,51.213975,-0.073089,0, ,0.0,0.0,0.0,0.0,0,0,0,1,230,0,0,0
TF,SUNAV,51.260250,0.194389,0, ,0.0,0.0,0.0,0.0,1,5000,0,1,230,0,0,0
TF,KKE38,51.163564,0.430753,0, ,0.0,0.0,0.0,0.0,1,6000,0,1,230,0,0,1
CF,BIG,51.330875,0.034811,1,BIG,0.0,0.0,292.0,18.0,1,6000,0,1,230,0,0,0

SID,BIG2Z,08R,5
CF,KKE04,51.168994,-0.038564,0,BIG,196.9,10.1,78.0,4.9,2,2000,0,1,250,0,0,0
TF,KKE10,51.165536,0.152744,0, ,0.0,0.0,0.0,0.0,2,3000,0,1,250,0,0,0
TF,KKE17,51.165867,0.327108,0, ,0.0,0.0,0.0,0.0,2,5000,0,1,250,0,0,0
TF,KKE23,51.165944,0.485925,0, ,0.0,0.0,0.0,0.0,1,6000,0,1,210,0,0,1
CF,BIG,51.330875,0.034811,1,BIG,0.0,0.0,292.0,19.7,1,6000,0,1,210,0,0,0

SID,BIG3P,08R,2
CA,0,78.0,2,710,0,0,0,0,0,0
CF,D078C,51.163781,-0.081131,0,BIG,203.6,11.0,78.0,3.0,2,1210,0,0,0,0,0,0
CF,TUNBY,51.168889,0.324722,0,BIG,131.6,14.6,90.0,15.0,2,5000,0,0,0,0,0,0
TF,DVR33,51.168514,0.485383,0, ,0.0,0.0,0.0,0.0,1,6000,0,0,0,0,0,1
CF,BIG,51.330875,0.034811,1,BIG,0.0,0.0,290.0,19.0,1,6000,0,1,230,0,0,0

SID,BIG3W,08L,2
CA,0,78.0,2,710,0,0,0,0,0,0
CF,D078E,51.165569,-0.081847,0,BIG,203.9,10.9,78.0,3.0,2,1210,0,0,0,0,0,0
CF,TUNBY,51.168889,0.324722,0,BIG,131.6,14.6,90.0,15.0,2,5000,0,0,0,0,0,0
TF,DVR33,51.168514,0.485383,0, ,0.0,0.0,0.0,0.0,1,6000,0,0,0,0,0,1
CF,BIG,51.330875,0.034811,1,BIG,0.0,0.0,290.0,19.0,1,6000,0,1,230,0,0,0

SID,BIG8M,26L,2
CA,0,258.0,2,710,0,0,0,0,0,0
CF,D259B,51.137183,-0.266714,0,BIG,224.5,16.3,258.0,2.0,2,1500,0,1,220,0,0,1
CF,DET31,51.202753,-0.209103,2,DET,259.0,31.0,79.0,3.0,2,3200,0,1,220,0,0,0
TF,DET29,51.209453,-0.157186,0, ,0.0,0.0,0.0,0.0,3,4000,0,1,230,0,0,0
TF,NEXOX,51.250278,0.193889,0, ,0.0,0.0,0.0,0.0,1,5000,0,0,0,0,0,1
CF,D123R,51.166992,0.434525,0,BIG,123.0,18.0,123.0,10.0,1,6000,0,0,0,0,0,1
CF,BIG,51.330875,0.034811,1,BIG,0.0,0.0,290.0,18.0,1,6000,0,1,230,0,0,0

SID,BIG8V,26R,2
CA,0,258.0,2,710,0,0,0,0,0,0
CF,D261C,51.138936,-0.267258,0,BIG,224.8,16.2,258.0,2.0,2,1500,0,1,220,0,0,1
CF,DET31,51.202753,-0.209103,2,DET,259.0,31.0,79.0,3.0,2,3200,0,1,220,0,0,0
TF,DET29,51.209453,-0.157186,0, ,0.0,0.0,0.0,0.0,3,4000,0,1,230,0,0,0
TF,NEXOX,51.250278,0.193889,0, ,0.0,0.0,0.0,0.0,1,5000,0,0,0,0,0,1
CF,D123R,51.166992,0.434525,0,BIG,123.0,18.0,123.0,10.0,1,6000,0,0,0,0,0,1
CF,BIG,51.330875,0.034811,1,BIG,0.0,0.0,290.0,18.0,1,6000,0,1,230,0,0,0

SID,BOGN1M,26L,2
CA,0,258.0,2,710,0,0,0,0,0,0
CF,D259E,51.137533,-0.262167,0,BIG,224.1,16.1,258.0,2.0,2,1210,0,0,0,0,0,0
TF,D070K,51.122794,-0.369939,0, ,0.0,0.0,0.0,0.0,2,2500,0,0,0,0,0,1
CF,D176M,51.089453,-0.417231,0,OCK,176.0,13.0,176.0,2.0,2,3000,0,0,0,0,0,0
TF,D176R,51.006531,-0.405786,0, ,0.0,0.0,0.0,0.0,1,5000,0,0,0,0,0,0
TF,D176W,50.923603,-0.394383,0, ,0.0,0.0,0.0,0.0,1,6000,0,0,0,0,0,0
TF,OCK28,50.840675,-0.383019,0, ,0.0,0.0,0.0,0.0,0,0,0,0,0,0,0,1
CF,BOGNA,50.701944,-0.251667,0,MID,147.0,25.5,147.0,9.0,1,6000,0,0,0,0,0,0

SID,BOGN1V,26R,2
CA,0,258.0,2,710,0,0,0,0,0,0
CF,D259D,51.137883,-0.272872,0,BIG,225.2,16.4,258.0,2.0,2,1210,0,0,0,0,0,0
TF,D070K,51.122794,-0.369939,0, ,0.0,0.0,0.0,0.0,2,2500,0,0,0,0,0,1
CF,D176M,51.089453,-0.417231,0,OCK,176.0,13.0,176.0,2.0,2,3000,0,0,0,0,0,0
TF,D176R,51.006531,-0.405786,0, ,0.0,0.0,0.0,0.0,1,5000,0,0,0,0,0,0
TF,D176W,50.923603,-0.394383,0, ,0.0,0.0,0.0,0.0,1,6000,0,0,0,0,0,0
TF,OCK28,50.840675,-0.383019,0, ,0.0,0.0,0.0,0.0,0,0,0,0,0,0,0,1
CF,BOGNA,50.701944,-0.251667,0,MID,147.0,25.5,147.0,9.0,1,6000,0,0,0,0,0,0

SID,BOGN1X,26L,5
CF,KKW06,51.123914,-0.364925,0,BIG,231.7,19.5,258.0,5.9,2,2500,0,1,220,0,0,0
TF,KKW08,51.115789,-0.423022,0, ,0.0,0.0,0.0,0.0,0,0,0,1,220,0,0,0
TF,KKS11,51.078453,-0.418267,0, ,0.0,0.0,0.0,0.0,2,4000,0,1,220,0,0,0
TF,KKS17,51.006314,-0.409097,0, ,0.0,0.0,0.0,0.0,1,5000,0,1,250,0,0,0
TF,KKS20,50.923342,-0.398581,0, ,0.0,0.0,0.0,0.0,1,6000,0,1,250,0,0,0
TF,KKS25,50.832867,-0.387150,0, ,0.0,0.0,0.0,0.0,1,6000,0,1,250,0,0,0
TF,BOGNA,50.701944,-0.251667,0, ,0.0,0.0,0.0,0.0,1,6000,0,1,250,0,0,0

SID,CLN2Z,08R,5
CF,KKE04,51.168994,-0.038564,0,LAM,194.1,29.5,78.0,4.9,2,2000,0,1,250,0,0,0
TF,KKE10,51.165536,0.152744,0, ,0.0,0.0,0.0,0.0,2,3000,0,1,250,0,0,0
TF,KKE17,51.165867,0.327108,0, ,0.0,0.0,0.0,0.0,1,5000,0,1,250,0,0,0
TF,KKE25,51.165917,0.545789,0, ,0.0,0.0,0.0,0.0,1,5000,0,1,250,0,0,0
TF,DET,51.304003,0.597275,0, ,0.0,0.0,0.0,0.0,1,5000,0,1,250,0,0,0
TF,KKN52,51.385000,0.627611,0, ,0.0,0.0,0.0,0.0,1,6000,0,1,250,0,0,0
TF,DAGGA,51.821944,0.794167,0, ,0.0,0.0,0.0,0.0,1,6000,0,1,250,0,0,0
TF,CLN,51.848472,1.147589,0, ,0.0,0.0,0.0,0.0,1,6000,0,1,250,0,0,0

SID,CLN4X,26L,5
CF,KKW02,51.137656,-0.266325,0,DET,253.3,34.1,258.0,2.0,2,1500,0,1,220,0,0,1
CF,KKE09,51.195533,-0.206644,2,DET,258.2,31.0,78.0,3.0,2,3200,0,1,220,0,0,0
TF,KKE11,51.202697,-0.154894,0, ,0.0,0.0,0.0,0.0,3,4000,0,1,250,0,0,0
TF,KKE15,51.213975,-0.073089,0, ,0.0,0.0,0.0,0.0,0,0,0,1,250,0,0,0
TF,SUNAV,51.260250,0.194389,0, ,0.0,0.0,0.0,0.0,1,5000,0,1,250,0,0,0
TF,KKE42,51.227028,0.568528,0, ,0.0,0.0,0.0,0.0,1,5000,0,1,250,0,0,0
TF,DET,51.304003,0.597275,0, ,0.0,0.0,0.0,0.0,1,5000,0,1,250,0,0,0
TF,KKN52,51.385000,0.627611,0, ,0.0,0.0,0.0,0.0,1,6000,0,1,250,0,0,0
TF,DAGGA,51.821944,0.794167,0, ,0.0,0.0,0.0,0.0,1,6000,0,1,250,0,0,0
TF,CLN,51.848472,1.147589,0, ,0.0,0.0,0.0,0.0,1,6000,0,1,250,0,0,0

SID,CLN5P,08R,2
CA,0,78.0,2,710,0,0,0,0,0,0
CF,D077C,51.161892,-0.094025,0,BIG,205.6,11.3,78.0,2.0,2,1210,0,0,0,0,0,0
CF,TUNBY,51.168889,0.324722,0,BIG,132.6,14.6,90.0,15.0,1,5000,0,0,0,0,0,0
TF,DVR31,51.168342,0.538342,0, ,0.0,0.0,0.0,0.0,0,0,0,0,0,0,0,1
CF,DET,51.304003,0.597275,1,DET,0.0,0.0,5.0,6.0,1,5000,0,0,0,0,0,0
TF,D014E,51.385014,0.627767,0, ,0.0,0.0,0.0,0.0,1,6000,0,0,0,0,0,0
TF,DAGGA,51.821944,0.794167,0, ,0.0,0.0,0.0,0.0,0,0,0,0,0,0,0,0
TF,CLN,51.848472,1.147589,0, ,0.0,0.0,0.0,0.0,1,6000,0,0,0,0,0,0

SID,CLN5W,08L,2
CA,0,78.0,2,710,0,0,0,0,0,0
CF,IGG78,51.163717,-0.094683,0,BIG,206.0,11.2,78.0,2.0,2,1210,0,0,0,0,0,0
CF,TUNBY,51.168889,0.324722,0,BIG,131.6,14.6,90.0,15.0,1,5000,0,0,0,0,0,0
TF,DVR31,51.168342,0.538342,0, ,0.0,0.0,0.0,0.0,0,0,0,0,0,0,0,1
CF,DET,51.304003,0.597275,1,DET,0.0,0.0,5.0,6.0,1,5000,0,0,0,0,0,0
TF,D014E,51.385014,0.627767,0, ,0.0,0.0,0.0,0.0,1,6000,0,0,0,0,0,0
TF,DAGGA,51.821944,0.794167,0, ,0.0,0.0,0.0,0.0,0,0,0,0,0,0,0,0
TF,CLN,51.848472,1.147589,0, ,0.0,0.0,0.0,0.0,1,6000,0,0,0,0,0,0

SID,CLN9M,26L,2
CA,0,258.0,2,710,0,0,0,0,0,0
CF,D259B,51.137183,-0.266714,0,BIG,224.5,16.3,258.0,2.0,2,1500,0,1,220,0,0,1
CF,DET31,51.202753,-0.209103,2,DET,259.0,31.0,79.0,3.0,2,3200,0,1,220,0,0,0
TF,DET29,51.209453,-0.157186,0, ,0.0,0.0,0.0,0.0,3,4000,0,1,250,0,0,0
TF,NEXOX,51.250278,0.193889,0, ,0.0,0.0,0.0,0.0,1,5000,0,0,0,0,0,0
TF,DV32A,51.225250,0.506500,0, ,0.0,0.0,0.0,0.0,0,0,0,0,0,0,0,1
CF,DET,51.304003,0.597275,1,DET,0.0,0.0,5.0,3.0,1,5000,0,0,0,0,0,0
TF,D014E,51.385014,0.627767,0, ,0.0,0.0,0.0,0.0,1,6000,0,0,0,0,0,0
TF,DAGGA,51.821944,0.794167,0, ,0.0,0.0,0.0,0.0,0,0,0,0,0,0,0,0
TF,CLN,51.848472,1.147589,0, ,0.0,0.0,0.0,0.0,1,6000,0,0,0,0,0,0

SID,CLN9V,26R,2
CA,0,258.0,2,710,0,0,0,0,0,0
CF,D261C,51.138936,-0.267258,0,BIG,224.8,16.2,258.0,2.0,2,1500,0,1,220,0,0,1
CF,DET31,51.202753,-0.209103,2,DET,259.0,31.0,79.0,3.0,2,3200,0,1,220,0,0,0
TF,DET29,51.209453,-0.157186,0, ,0.0,0.0,0.0,0.0,3,4000,0,1,250,0,0,0
TF,NEXOX,51.250278,0.193889,0, ,0.0,0.0,0.0,0.0,1,5000,0,0,0,0,0,0
TF,DV32A,51.225250,0.506500,0, ,0.0,0.0,0.0,0.0,0,0,0,0,0,0,0,1
CF,DET,51.304003,0.597275,1,DET,0.0,0.0,5.0,3.0,1,5000,0,0,0,0,0,0
TF,D014E,51.385014,0.627767,0, ,0.0,0.0,0.0,0.0,1,6000,0,0,0,0,0,0
TF,DAGGA,51.821944,0.794167,0, ,0.0,0.0,0.0,0.0,0,0,0,0,0,0,0,0
TF,CLN,51.848472,1.147589,0, ,0.0,0.0,0.0,0.0,1,6000,0,0,0,0,0,0

SID,DAGA1M,26L,2
CA,0,258.0,2,710,0,0,0,0,0,0
CF,D259B,51.137183,-0.266714,0,BIG,225.4,16.3,258.0,2.0,2,1210,0,0,0,0,0,1
CF,D284M,51.065425,-0.218547,1,MAY,284.0,13.0,104.0,2.0,0,0,0,0,0,0,0,0
TF,D284I,51.050694,-0.115500,0, ,0.0,0.0,0.0,0.0,2,3000,0,0,0,0,0,0
TF,MAY,51.017183,0.116122,0, ,0.0,0.0,0.0,0.0,1,5000,0,0,0,0,0,0
TF,TIGER,51.067222,0.439444,0, ,0.0,0.0,0.0,0.0,1,5000,0,0,0,0,0,1
CF,DET,51.304003,0.597275,0,DET,0.0,0.0,14.0,14.0,0,0,0,0,0,0,0,0
TF,DAGGA,51.821944,0.794167,0, ,0.0,0.0,0.0,0.0,0,0,0,0,0,0,0,0
TF,CLN,51.848472,1.147589,0, ,0.0,0.0,0.0,0.0,1,5000,0,0,0,0,0,0

SID,DAGA1V,26R,2
CA,0,258.0,2,710,0,0,0,0,0,0
CF,D261C,51.138936,-0.267258,0,BIG,225.7,16.2,258.0,2.0,2,1210,0,0,0,0,0,1
CF,D284M,51.065425,-0.218547,1,MAY,284.0,13.0,104.0,2.0,0,0,0,0,0,0,0,0
TF,D284I,51.050694,-0.115500,0, ,0.0,0.0,0.0,0.0,2,3000,0,0,0,0,0,0
TF,MAY,51.017183,0.116122,0, ,0.0,0.0,0.0,0.0,1,5000,0,0,0,0,0,0
TF,TIGER,51.067222,0.439444,0, ,0.0,0.0,0.0,0.0,1,5000,0,0,0,0,0,1
CF,DET,51.304003,0.597275,0,DET,0.0,0.0,14.0,14.0,0,0,0,0,0,0,0,0
TF,DAGGA,51.821944,0.794167,0, ,0.0,0.0,0.0,0.0,0,0,0,0,0,0,0,0
TF,CLN,51.848472,1.147589,0, ,0.0,0.0,0.0,0.0,1,5000,0,0,0,0,0,0

SID,DAGA1X,26L,5
CF,KKW04,51.130750,-0.315917,0,DET,253.6,36.0,258.0,4.0,2,2000,0,1,220,0,0,0
TF,KKS06,51.072997,-0.295653,0, ,0.0,0.0,0.0,0.0,2,3000,0,1,220,0,0,0
TF,KKS09,51.063172,-0.178706,0, ,0.0,0.0,0.0,0.0,0,0,0,1,250,0,0,0
TF,KKS14,51.053236,-0.114511,0, ,0.0,0.0,0.0,0.0,2,4000,0,1,250,0,0,0
TF,MAY,51.017183,0.116122,0, ,0.0,0.0,0.0,0.0,1,5000,0,1,250,0,0,0
TF,KKS36,51.084258,0.515525,0, ,0.0,0.0,0.0,0.0,1,5000,0,1,250,0,0,0
TF,DET,51.304003,0.597275,0, ,0.0,0.0,0.0,0.0,1,5000,0,1,250,0,0,0
TF,DAGGA,51.821944,0.794167,0, ,0.0,0.0,0.0,0.0,1,5000,0,1,250,0,0,0
TF,CLN,51.848472,1.147589,0, ,0.0,0.0,0.0,0.0,1,5000,0,1,250,0,0,0

SID,DVR2P,08R,2
CA,0,78.0,2,710,0,0,0,0,0,0
CF,D077C,51.161892,-0.094025,0,BIG,205.6,11.3,78.0,2.0,2,1210,0,0,0,0,0,0
CF,TUNBY,51.168889,0.324722,0,BIG,131.6,14.6,90.0,15.0,2,5000,0,0,0,0,0,0
TF,DVR33,51.168514,0.485383,0, ,0.0,0.0,0.0,0.0,1,6000,0,0,0,0,0,0
TF,DVR,51.162622,1.359089,0, ,0.0,0.0,0.0,0.0,1,6000,0,0,0,0,0,0

SID,DVR2W,08L,2
CA,0,78.0,2,710,0,0,0,0,0,0
CF,IGG78,51.163717,-0.094683,0,BIG,206.0,11.2,78.0,2.0,2,1210,0,0,0,0,0,0
CF,TUNBY,51.168889,0.324722,0,BIG,131.6,14.6,90.0,15.0,2,5000,0,0,0,0,0,0
TF,DVR33,51.168514,0.485383,0, ,0.0,0.0,0.0,0.0,1,6000,0,0,0,0,0,0
TF,DVR,51.162622,1.359089,0, ,0.0,0.0,0.0,0.0,1,6000,0,0,0,0,0,0

SID,DVR9M,26L,2
CA,0,258.0,2,710,0,0,0,0,0,0
CF,D259B,51.137183,-0.266714,0,BIG,224.5,16.3,258.0,2.0,2,1500,0,1,220,0,0,1
CF,DET31,51.202753,-0.209103,2,DET,259.0,31.0,79.0,3.0,2,3200,0,1,220,0,0,0
TF,DET29,51.209453,-0.157186,0, ,0.0,0.0,0.0,0.0,3,4000,0,1,250,0,0,0
TF,NEXOX,51.250278,0.193889,0, ,0.0,0.0,0.0,0.0,1,5000,0,0,0,0,0,0
TF,D224F,51.232842,0.491897,0, ,0.0,0.0,0.0,0.0,1,6000,0,0,0,0,0,0
TF,DVR,51.162622,1.359089,0, ,0.0,0.0,0.0,0.0,1,6000,0,0,0,0,0,0

SID,DVR9V,26R,2
CA,0,258.0,2,710,0,0,0,0,0,0
CF,D261C,51.138936,-0.267258,0,BIG,224.8,16.2,258.0,2.0,2,1500,0,1,220,0,0,1
CF,DET31,51.202753,-0.209103,2,DET,259.0,31.0,79.0,3.0,2,3200,0,1,220,0,0,0
TF,DET29,51.209453,-0.157186,0, ,0.0,0.0,0.0,0.0,3,4000,0,1,250,0,0,0
TF,NEXOX,51.250278,0.193889,0, ,0.0,0.0,0.0,0.0,1,5000,0,0,0,0,0,0
TF,D224F,51.232842,0.491897,0, ,0.0,0.0,0.0,0.0,1,6000,0,0,0,0,0,0
TF,DVR,51.162622,1.359089,0, ,0.0,0.0,0.0,0.0,1,6000,0,0,0,0,0,0

SID,HARD1X,26L,5
CF,KKW06,51.123914,-0.364925,0,BIG,231.7,19.5,258.0,5.9,2,2500,0,1,220,0,0,0
TF,KKW08,51.115789,-0.423022,0, ,0.0,0.0,0.0,0.0,0,0,0,1,220,0,0,0
TF,KKS11,51.078453,-0.418267,0, ,0.0,0.0,0.0,0.0,2,4000,0,1,220,0,0,0
TF,KKS17,51.006314,-0.409097,0, ,0.0,0.0,0.0,0.0,1,5000,0,1,250,0,0,0
TF,KKS20,50.923342,-0.398581,0, ,0.0,0.0,0.0,0.0,1,6000,0,1,250,0,0,0
TF,KKS25,50.832867,-0.387150,0, ,0.0,0.0,0.0,0.0,1,6000,0,1,250,0,0,0
TF,BOGNA,50.701944,-0.251667,0, ,0.0,0.0,0.0,0.0,1,6000,0,1,250,0,0,0
TF,HARDY,50.471111,0.491111,0, ,0.0,0.0,0.0,0.0,1,6000,0,1,250,0,0,0

SID,HARD5M,26L,2
CA,0,258.0,2,710,0,0,0,0,0,0
CF,D259E,51.137533,-0.262167,0,BIG,224.1,16.1,258.0,2.0,2,1210,0,0,0,0,0,0
TF,D070K,51.122794,-0.369939,0, ,0.0,0.0,0.0,0.0,2,2500,0,0,0,0,0,1
CF,D176M,51.089453,-0.417231,0,OCK,176.0,13.0,176.0,2.0,2,3000,0,0,0,0,0,0
TF,D176R,51.006531,-0.405786,0, ,0.0,0.0,0.0,0.0,1,5000,0,0,0,0,0,0
TF,D176W,50.923603,-0.394383,0, ,0.0,0.0,0.0,0.0,1,6000,0,0,0,0,0,0
TF,OCK28,50.840675,-0.383019,0, ,0.0,0.0,0.0,0.0,0,0,0,0,0,0,0,1
CF,BOGNA,50.701944,-0.251667,0,MID,147.0,25.5,147.0,9.0,1,6000,0,0,0,0,0,0
TF,HARDY,50.471111,0.491111,0, ,0.0,0.0,0.0,0.0,1,6000,0,0,0,0,0,0

SID,HARD5V,26R,2
CA,0,258.0,2,710,0,0,0,0,0,0
CF,D259D,51.137883,-0.272872,0,BIG,225.2,16.4,258.0,2.0,2,1210,0,0,0,0,0,0
TF,D070K,51.122794,-0.369939,0, ,0.0,0.0,0.0,0.0,2,2500,0,0,0,0,0,1
CF,D176M,51.089453,-0.417231,0,OCK,176.0,13.0,176.0,2.0,2,3000,0,0,0,0,0,0
TF,D176R,51.006531,-0.405786,0, ,0.0,0.0,0.0,0.0,1,5000,0,0,0,0,0,0
TF,D176W,50.923603,-0.394383,0, ,0.0,0.0,0.0,0.0,1,6000,0,0,0,0,0,0
TF,OCK28,50.840675,-0.383019,0, ,0.0,0.0,0.0,0.0,0,0,0,0,0,0,0,1
CF,BOGNA,50.701944,-0.251667,0,MID,147.0,25.5,147.0,9.0,1,6000,0,0,0,0,0,0
TF,HARDY,50.471111,0.491111,0, ,0.0,0.0,0.0,0.0,1,6000,0,0,0,0,0,0

SID,KENE1X,26L,5
CF,KKW07,51.121444,-0.383333,0,CLN,233.3,72.1,258.0,6.6,2,2500,0,1,250,0,0,0
TF,KKW09,51.115083,-0.428972,0, ,0.0,0.0,0.0,0.0,2,3000,0,1,250,0,0,0
TF,MID,51.053953,-0.625003,0, ,0.0,0.0,0.0,0.0,1,4000,0,1,250,0,0,0
TF,KKW28,51.014500,-0.917078,0, ,0.0,0.0,0.0,0.0,1,4000,0,1,250,0,0,0
TF,KENET,51.520556,-1.455000,0, ,0.0,0.0,0.0,0.0,1,4000,0,1,250,0,0,0

SID,KENE1Z,08R,5
CF,KKE05,51.168306,-0.043250,0,CLN,228.0,60.5,78.0,4.7,2,2500,0,1,220,0,0,0
TF,KKN09,51.231417,-0.065361,1, ,0.0,0.0,0.0,0.0,1,3000,0,1,220,0,0,0
TF,KKW19,51.199444,-0.342861,0, ,0.0,0.0,0.0,0.0,1,3000,0,1,250,0,0,0
TF,KKW26,51.174694,-0.532333,0, ,0.0,0.0,0.0,0.0,1,4000,0,1,250,0,0,0
TF,KKW44,51.059125,-0.963944,0, ,0.0,0.0,0.0,0.0,1,4000,0,1,250,0,0,0
TF,KENET,51.520556,-1.455000,0, ,0.0,0.0,0.0,0.0,1,4000,0,1,250,0,0,0

SID,KENE2M,26L,2
CA,0,258.0,2,710,0,0,0,0,0,0
CF,D259B,51.137183,-0.266714,0,BIG,225.5,16.3,258.0,2.0,2,1210,0,0,0,0,0,0
CD, ,0,0,0,MID,0,0.0,258.0,10.0,2,2500,0,0,0,0,0,0
CD, ,0,0,0,MID,0,0.0,258.0,8.0,2,3000,0,0,0,0,0,0
CF,MID,51.053953,-0.625003,0,MID,0.0,0.0,244.0,8.0,1,4000,0,0,0,0,0,0
FD,MID,51.053953,-0.625003,0,MID,0.0,10.0,259.0,10.0,0,0,0,0,0,0,0,0
CF,KENET,51.520556,-1.455000,0,LON,274.5,37.1,328.0,37.0,1,4000,0,0,0,0,0,0

SID,KENE2V,26R,2
CA,0,258.0,2,710,0,0,0,0,0,0
CF,D261C,51.138936,-0.267258,0,BIG,225.8,16.2,258.0,2.0,2,1210,0,0,0,0,0,0
CD, ,0,0,0,MID,0,0.0,258.0,10.0,2,2500,0,0,0,0,0,0
CD, ,0,0,0,MID,0,0.0,258.0,8.0,2,3000,0,0,0,0,0,0
CF,MID,51.053953,-0.625003,0,MID,0.0,0.0,244.0,7.0,1,4000,0,0,0,0,0,0
FD,MID,51.053953,-0.625003,0,MID,0.0,10.0,259.0,10.0,0,0,0,0,0,0,0,0
CF,KENET,51.520556,-1.455000,0,LON,274.5,37.1,328.0,37.0,1,4000,0,0,0,0,0,0

SID,KENE3P,08R,2
CA,0,78.0,2,710,0,0,0,0,0,0
CF,D078C,51.163781,-0.081131,0,BIG,204.6,11.0,78.0,2.0,2,1210,0,0,0,0,0,1
DF,DET26,51.234311,-0.083678,1, ,0.0,0.0,2,2500,0,0,0,0,0,0
TF,DET36,51.206453,-0.345028,0, ,0.0,0.0,0.0,0.0,1,3000,0,0,0,0,0,0
TF,DET43,51.186608,-0.527783,0, ,0.0,0.0,0.0,0.0,1,4000,0,0,0,0,0,0
TF,D067T,51.092400,-0.863997,0, ,0.0,0.0,0.0,0.0,0,0,0,0,0,0,0,0
VI,0, ,0.0,283.0,0,0,0,0,0,0,0,0
CF,KENET,51.520556,-1.455000,0,LON,274.5,37.1,328.0,32.0,1,4000,0,0,0,0,0,0

SID,KENE3W,08L,2
CA,0,78.0,2,710,0,0,0,0,0,0
CF,D078E,51.165569,-0.081847,0,BIG,204.9,10.9,78.0,2.0,2,1210,0,0,0,0,0,1
DF,DET26,51.234311,-0.083678,1, ,0.0,0.0,2,2500,0,0,0,0,0,0
TF,DET36,51.206453,-0.345028,0, ,0.0,0.0,0.0,0.0,1,3000,0,0,0,0,0,0
TF,DET43,51.186608,-0.527783,0, ,0.0,0.0,0.0,0.0,1,4000,0,0,0,0,0,0
TF,D067T,51.092400,-0.863997,0, ,0.0,0.0,0.0,0.0,0,0,0,0,0,0,0,0
VI,0, ,0.0,283.0,0,0,0,0,0,0,0,0
CF,KENET,51.520556,-1.455000,0,LON,274.5,37.1,328.0,32.0,1,4000,0,0,0,0,0,0

SID,LAM1Z,08R,5
CF,KKE02,51.164736,-0.069481,0,BIG,202.5,10.7,78.0,3.7,2,2000,0,1,250,0,0,0
TF,KKE12,51.249792,0.106686,0, ,0.0,0.0,0.0,0.0,2,3000,0,1,250,0,0,0
TF,SUNAV,51.260250,0.194389,0, ,0.0,0.0,0.0,0.0,1,5000,0,1,250,0,0,0
TF,KKE35,51.283067,0.387839,0, ,0.0,0.0,0.0,0.0,1,5000,0,1,250,0,0,0
TF,KKN43,51.414892,0.302536,1, ,0.0,0.0,0.0,0.0,1,5000,0,1,250,0,0,0
TF,KKN48,51.491983,0.252411,0, ,0.0,0.0,0.0,0.0,1,6000,0,1,250,0,0,0
TF,LAM,51.646025,0.151703,0, ,0.0,0.0,0.0,0.0,1,6000,0,1,250,0,0,0

SID,LAM2X,26L,5
CF,KKW02,51.137656,-0.266325,0,LAM,207.4,34.3,258.0,2.0,2,1500,0,1,220,0,0,1
CF,KKE09,51.195533,-0.206644,2,LAM,206.6,30.2,78.0,3.0,2,3200,0,1,220,0,0,0
TF,KKE11,51.202697,-0.154894,0, ,0.0,0.0,0.0,0.0,3,4000,0,1,250,0,0,0
TF,KKE15,51.213975,-0.073089,0, ,0.0,0.0,0.0,0.0,0,0,0,1,250,0,0,0
TF,SUNAV,51.260250,0.194389,0, ,0.0,0.0,0.0,0.0,1,5000,0,1,250,0,0,0
TF,KKE35,51.283067,0.387839,0, ,0.0,0.0,0.0,0.0,1,5000,0,1,250,0,0,0
TF,KKN43,51.414892,0.302536,1, ,0.0,0.0,0.0,0.0,1,5000,0,1,250,0,0,0
TF,KKN48,51.491983,0.252411,0, ,0.0,0.0,0.0,0.0,1,6000,0,1,250,0,0,0
TF,LAM,51.646025,0.151703,0, ,0.0,0.0,0.0,0.0,1,6000,0,1,250,0,0,0

SID,LAM5M,26L,2
CA,0,258.0,2,710,0,0,0,0,0,0
CF,D259B,51.137183,-0.266714,0,BIG,224.5,16.3,258.0,2.0,2,1500,0,1,220,0,0,1
CF,DET31,51.202753,-0.209103,2,DET,259.0,31.0,79.0,3.0,2,3200,0,1,220,0,0,0
TF,DET29,51.209453,-0.157186,0, ,0.0,0.0,0.0,0.0,3,4000,0,1,250,0,0,0
TF,NEXOX,51.250278,0.193889,0, ,0.0,0.0,0.0,0.0,1,5000,0,0,0,0,0,0
TF,D259K,51.266108,0.311589,0, ,0.0,0.0,0.0,0.0,0,0,0,0,0,0,0,1
CF,D157O,51.416078,0.307731,1,LAM,157.0,15.0,337.0,7.0,1,5000,0,0,0,0,0,0
TF,D157J,51.492750,0.255894,0, ,0.0,0.0,0.0,0.0,1,6000,0,0,0,0,0,0
TF,LAM,51.646025,0.151703,0, ,0.0,0.0,0.0,0.0,1,6000,0,0,0,0,0,0

SID,LAM5P,08R,2
CA,0,78.0,2,710,0,0,0,0,0,0
CF,D078C,51.163781,-0.081131,0,BIG,204.6,10.9,78.0,3.0,2,1210,0,0,0,0,0,1
CF,D260T,51.239317,0.076622,0,DET,259.0,20.0,53.0,7.0,0,0,0,0,0,0,0,0
TF,ACORN,51.255278,0.196111,0, ,0.0,0.0,0.0,0.0,1,5000,0,0,0,0,0,0
CD, ,0,0,0,DET,0,0.0,80.0,10.0,0,0,0,0,0,0,0,0
CF,D157O,51.416078,0.307731,1,LAM,157.0,15.0,337.0,7.0,1,5000,0,0,0,0,0,0
TF,D157J,51.492750,0.255894,0, ,0.0,0.0,0.0,0.0,1,6000,0,0,0,0,0,0
TF,LAM,51.646025,0.151703,0, ,0.0,0.0,0.0,0.0,1,6000,0,0,0,0,0,0

SID,LAM5V,26R,2
CA,0,258.0,2,710,0,0,0,0,0,0
CF,D261C,51.138936,-0.267258,0,BIG,224.8,16.2,258.0,2.0,2,1500,0,1,220,0,0,1
CF,DET31,51.202753,-0.209103,2,DET,259.0,31.0,79.0,3.0,2,3200,0,1,220,0,0,0
TF,DET29,51.209453,-0.157186,0, ,0.0,0.0,0.0,0.0,3,4000,0,1,250,0,0,0
TF,NEXOX,51.250278,0.193889,0, ,0.0,0.0,0.0,0.0,1,5000,0,0,0,0,0,0
TF,D259K,51.266108,0.311589,0, ,0.0,0.0,0.0,0.0,0,0,0,0,0,0,0,1
CF,D157O,51.416078,0.307731,1,LAM,157.0,15.0,337.0,7.0,1,5000,0,0,0,0,0,0
TF,D157J,51.492750,0.255894,0, ,0.0,0.0,0.0,0.0,1,6000,0,0,0,0,0,0
TF,LAM,51.646025,0.151703,0, ,0.0,0.0,0.0,0.0,1,6000,0,0,0,0,0,0

SID,LAM5W,08L,2
CA,0,78.0,2,710,0,0,0,0,0,0
CF,D078E,51.165569,-0.081847,0,BIG,203.9,10.9,78.0,3.0,2,1210,0,0,0,0,0,1
CF,D260T,51.239317,0.076622,0,DET,259.0,20.0,53.0,7.0,0,0,0,0,0,0,0,0
TF,ACORN,51.255278,0.196111,0, ,0.0,0.0,0.0,0.0,1,5000,0,0,0,0,0,0
CD, ,0,0,0,DET,0,0.0,80.0,10.0,0,0,0,0,0,0,0,0
CF,D157O,51.416078,0.307731,1,LAM,157.0,15.0,337.0,7.0,1,5000,0,0,0,0,0,0
TF,D157J,51.492750,0.255894,0, ,0.0,0.0,0.0,0.0,1,6000,0,0,0,0,0,0
TF,LAM,51.646025,0.151703,0, ,0.0,0.0,0.0,0.0,1,6000,0,0,0,0,0,0

SID,ODVI2Z,08R,5
CF,KKE04,51.168994,-0.038564,0,SFD,346.1,25.3,78.0,4.9,2,2000,0,1,250,0,0,0
TF,KKE10,51.165536,0.152744,0, ,0.0,0.0,0.0,0.0,2,3000,0,1,250,0,0,0
TF,KKE17,51.165867,0.327108,0, ,0.0,0.0,0.0,0.0,2,5000,0,1,250,0,0,0
TF,ODVIK,51.165944,0.485925,0, ,0.0,0.0,0.0,0.0,1,6000,0,1,250,0,0,0

SID,SAM1X,26L,5
CF,KKW07,51.121444,-0.383333,0,DET,253.9,38.6,258.0,6.6,2,2500,0,1,250,0,0,0
TF,KKW09,51.115083,-0.428972,0, ,0.0,0.0,0.0,0.0,2,3000,0,1,250,0,0,0
TF,MID,51.053953,-0.625003,0, ,0.0,0.0,0.0,0.0,1,4000,0,1,250,0,0,0
TF,SAM,50.955250,-1.345056,0, ,0.0,0.0,0.0,0.0,1,4000,0,1,250,0,0,0

SID,SAM2M,26L,2
CA,0,258.0,2,710,0,0,0,0,0,0
CF,D259B,51.137183,-0.266714,0,MID,70.6,14.5,258.0,2.0,2,1210,0,0,0,0,0,0
CD, ,0,0,0,MID,0,0.0,258.0,10.0,2,2500,0,0,0,0,0,0
CD, ,0,0,0,MID,0,0.0,258.0,8.0,2,3000,0,0,0,0,0,0
CF,MID,51.053953,-0.625003,0,MID,0.0,0.0,244.0,7.0,1,4000,0,0,0,0,0,0
TF,SAM,50.955250,-1.345056,0, ,0.0,0.0,0.0,0.0,1,4000,0,0,0,0,0,0

SID,SAM2V,26R,2
CA,0,258.0,2,710,0,0,0,0,0,0
CF,D261C,51.138936,-0.267258,0,BIG,225.8,16.2,258.0,2.0,2,1210,0,0,0,0,0,0
CD, ,0,0,0,MID,0,0.0,258.0,10.0,2,2500,0,0,0,0,0,0
CD, ,0,0,0,MID,0,0.0,258.0,8.0,2,3000,0,0,0,0,0,0
CF,MID,51.053953,-0.625003,0,MID,0.0,0.0,244.0,7.0,1,4000,0,0,0,0,0,0
TF,SAM,50.955250,-1.345056,0, ,0.0,0.0,0.0,0.0,1,4000,0,0,0,0,0,0

SID,SAM3P,08R,2
CA,0,78.0,2,710,0,0,0,0,0,0
CF,D078C,51.163781,-0.081131,0,BIG,204.6,11.0,78.0,3.0,2,1210,0,0,0,0,0,1
DF,DET26,51.234311,-0.083678,1, ,0.0,0.0,2,2500,0,0,0,0,0,0
TF,DET36,51.206453,-0.345028,0, ,0.0,0.0,0.0,0.0,1,3000,0,0,0,0,0,0
TF,DET43,51.186608,-0.527783,0, ,0.0,0.0,0.0,0.0,1,4000,0,0,0,0,0,0
TF,SAM,50.955250,-1.345056,0, ,0.0,0.0,0.0,0.0,1,4000,0,0,0,0,0,0

SID,SAM3W,08L,2
CA,0,78.0,2,710,0,0,0,0,0,0
CF,D078E,51.165569,-0.081847,0,BIG,204.9,10.9,78.0,3.0,2,1210,0,0,0,0,0,1
DF,DET26,51.234311,-0.083678,1, ,0.0,0.0,2,2500,0,0,0,0,0,0
TF,DET36,51.206453,-0.345028,0, ,0.0,0.0,0.0,0.0,1,3000,0,0,0,0,0,0
TF,DET43,51.186608,-0.527783,0, ,0.0,0.0,0.0,0.0,1,4000,0,0,0,0,0,0
TF,SAM,50.955250,-1.345056,0, ,0.0,0.0,0.0,0.0,1,4000,0,0,0,0,0,0

SID,SAM3Z,08R,5
CF,KKE05,51.168306,-0.043250,0,DET,251.6,25.5,78.0,4.7,2,2500,0,1,220,0,0,0
TF,KKN09,51.231417,-0.065361,1, ,0.0,0.0,0.0,0.0,1,3000,0,1,220,0,0,0
TF,KKW19,51.199444,-0.342861,0, ,0.0,0.0,0.0,0.0,1,3000,0,1,250,0,0,0
TF,KKW26,51.174694,-0.532333,0, ,0.0,0.0,0.0,0.0,1,4000,0,1,250,0,0,0
TF,SAM,50.955250,-1.345056,0, ,0.0,0.0,0.0,0.0,1,4000,0,1,250,0,0,0

SID,SFD1X,26L,5
CF,KKW06,51.123914,-0.364925,0,DET,253.8,37.9,258.0,5.9,2,2500,0,1,220,0,0,0
TF,KKW10,51.113511,-0.439264,0, ,0.0,0.0,0.0,0.0,0,0,0,1,220,0,0,0
TF,KKW11,51.060786,-0.420617,0, ,0.0,0.0,0.0,0.0,0,0,0,1,220,0,0,0
TF,KKS13,51.034739,-0.373092,0, ,0.0,0.0,0.0,0.0,1,4000,0,1,250,0,0,0
TF,KKS19,50.958172,-0.233892,0, ,0.0,0.0,0.0,0.0,2,5000,0,1,250,0,0,0
TF,KKS21,50.936267,-0.194206,0, ,0.0,0.0,0.0,0.0,1,6000,0,1,250,0,0,0
TF,SFD,50.760692,0.121914,0, ,0.0,0.0,0.0,0.0,1,6000,0,1,250,0,0,0

SID,SFD4Z,08R,5
CF,KKE03,51.166111,-0.059472,0,SFD,344.3,25.3,78.0,4.1,2,2000,0,1,220,0,0,0
TF,KKS08,51.095778,-0.035889,2, ,0.0,0.0,0.0,0.0,2,3000,0,1,250,0,0,0
TF,KKS12,51.031972,-0.005667,0, ,0.0,0.0,0.0,0.0,0,0,0,1,250,0,0,0
TF,KKS16,50.968114,0.024525,0, ,0.0,0.0,0.0,0.0,2,5000,0,1,250,0,0,0
TF,KKS22,50.872417,0.069611,0, ,0.0,0.0,0.0,0.0,1,6000,0,1,250,0,0,0
TF,SFD,50.760692,0.121914,0, ,0.0,0.0,0.0,0.0,1,6000,0,1,250,0,0,0

SID,SFD5M,26L,2
CA,0,258.0,2,710,0,0,0,0,0,0
CF,D259B,51.137183,-0.266714,0,BIG,225.5,16.3,258.0,3.0,2,1210,0,0,0,0,0,0
TF,D259G,51.120222,-0.382675,0, ,0.0,0.0,0.0,0.0,2,2500,0,0,0,0,0,1
CF,D312Y,51.032681,-0.376222,1,SFD,311.0,25.0,132.0,3.0,1,4000,0,0,0,0,0,0
TF,D312R,50.956739,-0.236158,0, ,0.0,0.0,0.0,0.0,2,5000,0,0,0,0,0,0
TF,D312P,50.935011,-0.196225,0, ,0.0,0.0,0.0,0.0,1,6000,0,0,0,0,0,0
TF,SFD,50.760692,0.121914,0, ,0.0,0.0,0.0,0.0,1,6000,0,0,0,0,0,0

SID,SFD5V,26R,2
CA,0,258.0,2,710,0,0,0,0,0,0
CF,D261C,51.138936,-0.267258,0,BIG,225.8,16.2,258.0,3.0,2,1210,0,0,0,0,0,0
TF,D259G,51.120222,-0.382675,0, ,0.0,0.0,0.0,0.0,2,2500,0,0,0,0,0,1
CF,D312Y,51.032681,-0.376222,1,SFD,312.0,25.0,132.0,3.0,1,4000,0,0,0,0,0,0
TF,D312R,50.956739,-0.236158,0, ,0.0,0.0,0.0,0.0,2,5000,0,0,0,0,0,0
TF,D312P,50.935011,-0.196225,0, ,0.0,0.0,0.0,0.0,1,6000,0,0,0,0,0,0
TF,SFD,50.760692,0.121914,0, ,0.0,0.0,0.0,0.0,1,6000,0,0,0,0,0,0

SID,SFD9P,08R,2
CA,0,78.0,2,710,0,0,0,0,0,0
CF,D078C,51.163781,-0.081131,0,BIG,204.6,11.0,78.0,3.0,2,1210,0,0,0,0,0,1
CF,D344U,51.094906,-0.040400,0,SFD,343.0,21.0,164.0,4.0,2,2000,0,0,0,0,0,0
TF,D344Q,51.031264,-0.009303,0, ,0.0,0.0,0.0,0.0,2,3000,0,0,0,0,0,0
TF,D344M,50.967614,0.021706,0, ,0.0,0.0,0.0,0.0,2,5000,0,0,0,0,0,0
TF,D344G,50.872122,0.068064,0, ,0.0,0.0,0.0,0.0,1,6000,0,0,0,0,0,0
TF,SFD,50.760692,0.121914,0, ,0.0,0.0,0.0,0.0,1,6000,0,0,0,0,0,0

SID,SFD9W,08L,2
CA,0,78.0,2,710,0,0,0,0,0,0
CF,D078E,51.165569,-0.081847,0,BIG,204.9,10.9,78.0,3.0,2,1210,0,0,0,0,0,1
CF,D344U,51.094906,-0.040400,0,SFD,344.0,21.0,164.0,4.0,2,2000,0,0,0,0,0,0
TF,D344Q,51.031264,-0.009303,0, ,0.0,0.0,0.0,0.0,2,3000,0,0,0,0,0,0
TF,D344M,50.967614,0.021706,0, ,0.0,0.0,0.0,0.0,2,5000,0,0,0,0,0,0
TF,D344G,50.872122,0.068064,0, ,0.0,0.0,0.0,0.0,1,6000,0,0,0,0,0,0
TF,SFD,50.760692,0.121914,0, ,0.0,0.0,0.0,0.0,1,6000,0,0,0,0,0,0

SID,TIGE1X,26L,5
CF,KKW04,51.130750,-0.315917,0,DET,253.6,36.0,258.0,4.0,2,2000,0,1,220,0,0,0
TF,KKS06,51.072997,-0.295653,0, ,0.0,0.0,0.0,0.0,2,3000,0,1,220,0,0,0
TF,KKS09,51.063172,-0.178706,0, ,0.0,0.0,0.0,0.0,0,0,0,1,250,0,0,0
TF,KKS14,51.053236,-0.114511,0, ,0.0,0.0,0.0,0.0,2,4000,0,1,250,0,0,0
TF,MAY,51.017183,0.116122,0, ,0.0,0.0,0.0,0.0,1,5000,0,1,250,0,0,0
TF,KKS36,51.084258,0.515525,0, ,0.0,0.0,0.0,0.0,1,5000,0,1,250,0,0,0
TF,LAM,51.646025,0.151703,0, ,0.0,0.0,0.0,0.0,1,5000,0,1,250,0,0,0

SID,TIGE3M,26L,2
CA,0,258.0,2,710,0,0,0,0,0,0
CF,D259B,51.137183,-0.266714,0,BIG,225.4,16.3,258.0,2.0,2,1210,0,0,0,0,0,1
CF,D284M,51.065425,-0.218547,1,MAY,284.0,13.0,104.0,2.0,0,0,0,0,0,0,0,0
TF,D284I,51.050694,-0.115500,0, ,0.0,0.0,0.0,0.0,2,3000,0,0,0,0,0,0
TF,MAY,51.017183,0.116122,0, ,0.0,0.0,0.0,0.0,1,5000,0,0,0,0,0,0
TF,TIGER,51.067222,0.439444,0, ,0.0,0.0,0.0,0.0,1,5000,0,0,0,0,0,0
VI,0, ,0.0,7.0,0,0,0,0,0,0,0,0
CF,LAM,51.646025,0.151703,0,LAM,0.0,0.0,337.0,33.0,1,5000,0,0,0,0,0,0

SID,TIGE3V,26R,2
CA,0,258.0,2,710,0,0,0,0,0,0
CF,D261C,51.138936,-0.267258,0,BIG,225.7,16.2,258.0,2.0,2,1210,0,0,0,0,0,1
CF,D284M,51.065425,-0.218547,1,MAY,284.0,13.0,104.0,2.0,0,0,0,0,0,0,0,0
TF,D284I,51.050694,-0.115500,0, ,0.0,0.0,0.0,0.0,2,3000,0,0,0,0,0,0
TF,MAY,51.017183,0.116122,0, ,0.0,0.0,0.0,0.0,1,5000,0,0,0,0,0,0
TF,TIGER,51.067222,0.439444,0, ,0.0,0.0,0.0,0.0,1,5000,0,0,0,0,0,0
VI,0, ,0.0,7.0,0,0,0,0,0,0,0,0
CF,LAM,51.646025,0.151703,0,LAM,0.0,0.0,337.0,33.0,1,5000,0,0,0,0,0,0

SID,WIZA1X,26L,5
CF,KKW04,51.130750,-0.315917,0,DET,253.6,36.0,258.0,4.0,2,2000,0,1,220,0,0,0
TF,KKS06,51.072997,-0.295653,0, ,0.0,0.0,0.0,0.0,2,3000,0,1,220,0,0,0
TF,KKS09,51.063172,-0.178706,0, ,0.0,0.0,0.0,0.0,0,0,0,1,250,0,0,0
TF,KKS14,51.053236,-0.114511,0, ,0.0,0.0,0.0,0.0,2,4000,0,1,250,0,0,0
TF,MAY,51.017183,0.116122,0, ,0.0,0.0,0.0,0.0,2,5000,0,1,250,0,0,0
TF,KKS33,51.057575,0.449200,0, ,0.0,0.0,0.0,0.0,1,6000,0,1,250,0,0,0
TF,WIZAD,51.116667,0.953056,0, ,0.0,0.0,0.0,0.0,1,6000,0,1,250,0,0,0

SID,WIZA4M,26L,2
CA,0,258.0,2,710,0,0,0,0,0,0
CF,D259B,51.137183,-0.266714,0,BIG,224.5,16.3,258.0,2.0,2,1210,0,0,0,0,0,1
CF,D284M,51.065425,-0.218547,1,MAY,283.0,13.0,104.0,2.0,0,0,0,0,0,0,0,0
TF,D284I,51.050694,-0.115500,0, ,0.0,0.0,0.0,0.0,2,3000,0,0,0,0,0,0
TF,MAY,51.017183,0.116122,0, ,0.0,0.0,0.0,0.0,2,5000,0,0,0,0,0,0
TF,DVR35,51.057481,0.448683,0, ,0.0,0.0,0.0,0.0,1,6000,0,0,0,0,0,0
TF,WIZAD,51.116667,0.953056,0, ,0.0,0.0,0.0,0.0,1,6000,0,0,0,0,0,0

SID,WIZA4V,26R,2
CA,0,258.0,2,710,0,0,0,0,0,0
CF,D261C,51.138936,-0.267258,0,BIG,224.8,16.2,258.0,2.0,2,1210,0,0,0,0,0,1
CF,D284M,51.065425,-0.218547,1,MAY,284.0,13.0,104.0,2.0,0,0,0,0,0,0,0,0
TF,D284I,51.050694,-0.115500,0, ,0.0,0.0,0.0,0.0,2,3000,0,0,0,0,0,0
TF,MAY,51.017183,0.116122,0, ,0.0,0.0,0.0,0.0,2,5000,0,0,0,0,0,0
TF,DVR35,51.057481,0.448683,0, ,0.0,0.0,0.0,0.0,1,6000,0,0,0,0,0,0
TF,WIZAD,51.116667,0.953056,0, ,0.0,0.0,0.0,0.0,1,6000,0,0,0,0,0,0

STAR,AMDU1G,ALL,5
IF,AMDUT,50.674417,0.796217, ,0.0,0.0,0,0,0,0,0,0,0,0
TF,SFD,50.760692,0.121914,0, ,0.0,0.0,0.0,0.0,0,0,0,1,220,0,0,0
TF,WILLO,50.985000,-0.191667,0, ,0.0,0.0,0.0,0.0,1,7000,0,1,220,0,0,0

STAR,ARNU1G,ALL,5
IF,ARNUN,51.057217,0.931383, ,0.0,0.0,0,0,0,0,0,0,0,0
TF,HASTY,50.728333,0.533333,0, ,0.0,0.0,0.0,0.0,0,0,0,0,0,0,0,0
TF,SFD,50.760692,0.121914,0, ,0.0,0.0,0.0,0.0,0,0,0,1,220,0,0,0
TF,WILLO,50.985000,-0.191667,0, ,0.0,0.0,0.0,0.0,1,7000,0,1,220,0,0,0

STAR,ASTR1F,ALL,2
IF,KENET,51.520556,-1.455000, ,0.0,0.0,1,14000,0,0,0,0,0,0
TF,WOD,51.452783,-0.878800,0, ,0.0,0.0,0.0,0.0,0,0,0,0,0,0,0,0
TF,SFD33,51.041953,-0.624233,0, ,0.0,0.0,0.0,0.0,0,0,0,0,0,0,0,0
FD,SFD33,51.041953,-0.624233,0,SFD,302.1,28.0,123.0,28.0,0,0,0,1,250,0,0,0
CF,ASTRA,50.865556,-0.146389,0,SFD,302.8,12.0,123.0,16.0,0,0,0,0,0,0,0,0

STAR,ASTR2B,ALL,2
IF,KIDLI,51.771389,-1.361389, ,0.0,0.0,1,15000,0,0,0,0,0,0
TF,WOD,51.452783,-0.878800,0, ,0.0,0.0,0.0,0.0,0,0,0,0,0,0,0,0
TF,SFD33,51.041953,-0.624233,0, ,0.0,0.0,0.0,0.0,0,0,0,0,0,0,0,0
FD,SFD33,51.041953,-0.624233,0,SFD,302.1,28.0,123.0,28.0,0,0,0,1,250,0,0,0
CF,ASTRA,50.865556,-0.146389,0,SFD,302.8,12.0,123.0,16.0,0,0,0,0,0,0,0,0

STAR,ASTR2H,ALL,2
IF,BEDEK,51.370833,-1.558611, ,0.0,0.0,1,14000,0,0,0,0,0,0
TF,NIGIT,51.313056,-1.170833,0, ,0.0,0.0,0.0,0.0,0,0,0,0,0,0,0,0
TF,SFD28,51.018414,-0.491803,0, ,0.0,0.0,0.0,0.0,0,0,0,1,250,0,0,0
TF,ASTRA,50.865556,-0.146389,0, ,0.0,0.0,0.0,0.0,0,0,0,0,0,0,0,0

STAR,ASTR3A,ALL,2
IF,SAM,50.955250,-1.345056, ,0.0,0.0,0,0,0,0,0,0,0,0
TF,GWC,50.855217,-0.756736,0, ,0.0,0.0,0.0,0.0,1,13000,0,1,250,0,0,0
TF,ASTRA,50.865556,-0.146389,0, ,0.0,0.0,0.0,0.0,0,0,0,0,0,0,0,0

STAR,ASTR4C,ALL,2
IF,DOMUT,50.261944,-1.669167, ,0.0,0.0,0,0,0,0,0,0,0,0
TF,KATHY,50.520556,-1.333333,0, ,0.0,0.0,0.0,0.0,0,0,0,0,0,0,0,0
TF,AVANT,50.820000,-0.938333,0, ,0.0,0.0,0.0,0.0,0,0,0,0,0,0,0,0
TF,GWC,50.855217,-0.756736,0, ,0.0,0.0,0.0,0.0,1,13000,0,1,250,0,0,0
TF,ASTRA,50.865556,-0.146389,0, ,0.0,0.0,0.0,0.0,0,0,0,0,0,0,0,0

STAR,ASTR4D,ALL,2
IF,GIBSO,50.749722,-2.518611, ,0.0,0.0,0,0,0,0,0,0,0,0
TF,BILNI,50.675278,-2.125833,0, ,0.0,0.0,0.0,0.0,0,0,0,0,0,0,0,0
TF,KUMIL,50.575278,-1.610833,0, ,0.0,0.0,0.0,0.0,1,18000,0,0,0,0,0,0
TF,AVANT,50.820000,-0.938333,0, ,0.0,0.0,0.0,0.0,0,0,0,0,0,0,0,0
TF,GWC,50.855217,-0.756736,0, ,0.0,0.0,0.0,0.0,1,13000,0,1,250,0,0,0
TF,ASTRA,50.865556,-0.146389,0, ,0.0,0.0,0.0,0.0,0,0,0,0,0,0,0,0

STAR,LUMB1C,ALL,2
IF,GWC,50.855217,-0.756736, ,0.0,0.0,0,0,0,0,0,0,0,0
TF,D280E,50.775039,-0.007381,0, ,0.0,0.0,0.0,0.0,0,0,0,1,250,0,0,0
TF,SFD,50.760692,0.121914,0, ,0.0,0.0,0.0,0.0,0,0,0,0,0,0,0,0
TF,LUMBA,50.945556,0.261667,0, ,0.0,0.0,0.0,0.0,0,0,0,0,0,0,0,0

STAR,LUMB1D,ALL,2
IF,MID,51.053953,-0.625003, ,0.0,0.0,0,0,0,0,0,0,0,0
TF,D275E,51.024056,-0.015400,0, ,0.0,0.0,0.0,0.0,0,0,0,1,250,0,0,0
TF,MAY,51.017222,0.116111,0, ,0.0,0.0,0.0,0.0,0,0,0,0,0,0,0,0
TF,D110L,50.951758,0.415158,0, ,0.0,0.0,0.0,0.0,0,0,0,0,0,0,0,1
CF,LUMBA,50.945556,0.261667,2,OCK,129.6,34.4,308.0,5.0,0,0,0,0,0,0,0,0

STAR,OTME1G,ALL,5
IF,OTMET,50.681961,-2.514825, ,0.0,0.0,1,27000,0,0,0,0,0,0
TF,SOKDU,50.660894,-2.025850,0, ,0.0,0.0,0.0,0.0,0,0,0,0,0,0,0,0
TF,NEDUL,50.666111,-1.547778,0, ,0.0,0.0,0.0,0.0,1,21000,0,0,0,0,0,0
TF,ELDER,50.663333,-1.337222,0, ,0.0,0.0,0.0,0.0,0,0,0,0,0,0,0,0
TF,TELTU,50.811089,-0.754914,0, ,0.0,0.0,0.0,0.0,1,13000,0,1,250,0,0,0
TF,HOLLY,50.886667,-0.095000,0, ,0.0,0.0,0.0,0.0,0,0,0,1,220,0,0,1
CF,WILLO,50.985000,-0.191667,1,MAY,260.7,11.8,285.0,5.0,1,7000,0,1,220,0,0,0

STAR,TELT1G,ALL,5
IF,TELTU,50.811089,-0.754914, ,0.0,0.0,0,0,0,1,250,0,0,0
TF,SFD,50.760692,0.121914,0, ,0.0,0.0,0.0,0.0,0,0,0,1,220,0,0,0
TF,TIMBA,50.945553,0.261736,0, ,0.0,0.0,0.0,0.0,1,7000,0,1,220,0,0,0

STAR,TIMB1C,ALL,2
IF,GWC,50.855217,-0.756736, ,0.0,0.0,0,0,0,0,0,0,0,0
TF,D280E,50.775039,-0.007381,0, ,0.0,0.0,0.0,0.0,0,0,0,1,250,0,0,0
TF,SFD,50.760692,0.121914,0, ,0.0,0.0,0.0,0.0,0,0,0,0,0,0,0,0
TF,TIMBA,50.945553,0.261736,0, ,0.0,0.0,0.0,0.0,0,0,0,0,0,0,0,0

STAR,TIMB1D,ALL,2
IF,MID,51.053953,-0.625003, ,0.0,0.0,0,0,0,0,0,0,0,0
TF,D275E,51.024056,-0.015400,0, ,0.0,0.0,0.0,0.0,0,0,0,1,250,0,0,0
TF,MAY,51.017183,0.116122,0, ,0.0,0.0,0.0,0.0,0,0,0,0,0,0,0,0
TF,D110L,50.951758,0.415158,0, ,0.0,0.0,0.0,0.0,0,0,0,0,0,0,0,1
CF,TIMBA,50.945553,0.261736,2,MAY,128.9,7.0,308.0,5.0,0,0,0,0,0,0,0,0

STAR,TIMB1J,ALL,5
IF,ERING,51.590681,1.611944, ,0.0,0.0,0,0,0,0,0,0,0,0
TF,ABTUM,51.434350,1.374717,0, ,0.0,0.0,0.0,0.0,1,14000,0,0,0,0,0,0
TF,ARNUN,51.057217,0.931383,0, ,0.0,0.0,0.0,0.0,0,0,0,0,0,0,0,0
TF,KKE63,50.982417,0.681050,0, ,0.0,0.0,0.0,0.0,0,0,0,1,250,0,0,0
TF,LARCK,50.911619,0.446647,0, ,0.0,0.0,0.0,0.0,0,0,0,1,250,0,0,0
TF,TIMBA,50.945553,0.261736,0, ,0.0,0.0,0.0,0.0,1,7000,0,1,250,0,0,0

STAR,TIMB1K,ALL,5
IF,TEBRA,51.488972,1.611944, ,0.0,0.0,0,0,0,0,0,0,0,0
TF,ABTUM,51.434350,1.374717,0, ,0.0,0.0,0.0,0.0,1,14000,0,0,0,0,0,0
TF,ARNUN,51.057217,0.931383,0, ,0.0,0.0,0.0,0.0,0,0,0,0,0,0,0,0
TF,KKE63,50.982417,0.681050,0, ,0.0,0.0,0.0,0.0,0,0,0,1,250,0,0,0
TF,LARCK,50.911619,0.446647,0, ,0.0,0.0,0.0,0.0,0,0,0,1,250,0,0,0
TF,TIMBA,50.945553,0.261736,0, ,0.0,0.0,0.0,0.0,1,7000,0,1,250,0,0,0

STAR,TIMB2G,ALL,5
IF,NEVIL,50.000000,-0.368233, ,0.0,0.0,1,22000,0,0,0,0,0,0
TF,OSPOL,50.150000,-0.185511,0, ,0.0,0.0,0.0,0.0,0,0,0,0,0,0,0,0
TF,NETVU,50.412500,0.481667,0, ,0.0,0.0,0.0,0.0,1,14000,0,0,0,0,0,0
TF,ELDAX,50.488433,0.658450,0, ,0.0,0.0,0.0,0.0,0,0,0,0,0,0,0,0
TF,AMDUT,50.674417,0.796217,0, ,0.0,0.0,0.0,0.0,0,0,0,0,0,0,0,0
TF,KKE64,50.821047,0.508478,0, ,0.0,0.0,0.0,0.0,0,0,0,1,250,0,0,0
TF,TIMBA,50.945553,0.261736,0, ,0.0,0.0,0.0,0.0,1,7000,0,1,250,0,0,0

STAR,TIMB3F,ALL,5
IF,KONAN,51.130764,2.000000, ,0.0,0.0,0,0,0,0,0,0,0,0
TF,ARNUN,51.057217,0.931383,0, ,0.0,0.0,0.0,0.0,0,0,0,0,0,0,0,0
TF,KKE63,50.982417,0.681050,0, ,0.0,0.0,0.0,0.0,0,0,0,1,250,0,0,0
TF,LARCK,50.911619,0.446647,0, ,0.0,0.0,0.0,0.0,0,0,0,1,250,0,0,0
TF,TIMBA,50.945553,0.261736,0, ,0.0,0.0,0.0,0.0,1,7000,0,1,250,0,0,0

STAR,TIMB4B,ALL,5
IF,KUNAV,50.515000,1.065556, ,0.0,0.0,0,0,0,0,0,0,0,0
TF,AMDUT,50.674417,0.796217,0, ,0.0,0.0,0.0,0.0,1,16000,0,0,0,0,0,0
TF,KKE64,50.821047,0.508478,0, ,0.0,0.0,0.0,0.0,0,0,0,1,250,0,0,0
TF,TIMBA,50.945553,0.261736,0, ,0.0,0.0,0.0,0.0,1,7000,0,1,250,0,0,0

STAR,VASU1G,ALL,5
IF,VASUX,50.502500,-1.254722, ,0.0,0.0,0,0,0,0,0,0,0,0
TF,DISVO,50.658611,-1.049167,0, ,0.0,0.0,0.0,0.0,0,0,0,0,0,0,0,0
TF,TELTU,50.811089,-0.754914,0, ,0.0,0.0,0.0,0.0,1,13000,0,1,250,0,0,0
TF,HOLLY,50.886667,-0.095000,0, ,0.0,0.0,0.0,0.0,0,0,0,1,220,0,0,1
CF,WILLO,50.985000,-0.191667,1,MAY,260.7,11.8,285.0,5.0,1,7000,0,1,220,0,0,0

STAR,WILO1F,ALL,2
IF,KENET,51.520556,-1.455000, ,0.0,0.0,1,14000,0,0,0,0,0,0
TF,MID,51.053953,-0.625003,0, ,0.0,0.0,0.0,0.0,0,0,0,0,0,0,0,0
TF,D117E,51.016942,-0.506753,0, ,0.0,0.0,0.0,0.0,0,0,0,1,250,0,0,0
TF,HOLLY,50.886667,-0.095000,0, ,0.0,0.0,0.0,0.0,0,0,0,0,0,0,0,1
CF,WILLO,50.985000,-0.191667,1,MID,105.0,16.9,285.0,5.0,0,0,0,0,0,0,0,0

STAR,WILO2H,ALL,2
IF,BEDEK,51.370833,-1.558611, ,0.0,0.0,1,14000,0,0,0,0,0,0
TF,NIGIT,51.313056,-1.170833,0, ,0.0,0.0,0.0,0.0,0,0,0,0,0,0,0,0
TF,MID,51.053953,-0.625003,0, ,0.0,0.0,0.0,0.0,0,0,0,0,0,0,0,0
TF,D117E,51.016942,-0.506753,0, ,0.0,0.0,0.0,0.0,0,0,0,1,250,0,0,0
TF,HOLLY,50.886667,-0.095000,0, ,0.0,0.0,0.0,0.0,0,0,0,0,0,0,0,1
CF,WILLO,50.985000,-0.191667,1,MID,105.0,16.9,285.0,5.0,0,0,0,0,0,0,0,0

STAR,WILO3A,ALL,2
IF,SAM,50.955250,-1.345056, ,0.0,0.0,0,0,0,0,0,0,0,0
TF,GWC,50.855217,-0.756736,0, ,0.0,0.0,0.0,0.0,1,13000,0,1,250,0,0,0
TF,HOLLY,50.886667,-0.095000,0, ,0.0,0.0,0.0,0.0,0,0,0,0,0,0,0,1
CF,WILLO,50.985000,-0.191667,1,MID,105.0,16.9,285.0,5.0,0,0,0,0,0,0,0,0

STAR,WILO3B,ALL,2
IF,KIDLI,51.771389,-1.361389, ,0.0,0.0,1,15000,0,0,0,0,0,0
TF,MID,51.053953,-0.625003,0, ,0.0,0.0,0.0,0.0,0,0,0,0,0,0,0,0
TF,D117E,51.016942,-0.506753,0, ,0.0,0.0,0.0,0.0,0,0,0,1,250,0,0,0
TF,HOLLY,50.886667,-0.095000,0, ,0.0,0.0,0.0,0.0,0,0,0,0,0,0,0,1
CF,WILLO,50.985000,-0.191667,1,MID,105.0,16.9,285.0,5.0,0,0,0,0,0,0,0,0

STAR,WILO3D,ALL,2
IF,GIBSO,50.749722,-2.518611, ,0.0,0.0,0,0,0,0,0,0,0,0
TF,BILNI,50.675278,-2.125833,0, ,0.0,0.0,0.0,0.0,0,0,0,0,0,0,0,0
TF,KUMIL,50.575278,-1.610833,0, ,0.0,0.0,0.0,0.0,1,18000,0,0,0,0,0,0
TF,AVANT,50.820000,-0.938333,0, ,0.0,0.0,0.0,0.0,0,0,0,0,0,0,0,0
TF,GWC,50.855217,-0.756736,0, ,0.0,0.0,0.0,0.0,1,13000,0,1,250,0,0,0
TF,HOLLY,50.886667,-0.095000,0, ,0.0,0.0,0.0,0.0,0,0,0,0,0,0,0,1
CF,WILLO,50.985000,-0.191667,1,MID,105.0,16.9,285.0,5.0,0,0,0,0,0,0,0,0

STAR,WILO4C,ALL,2
IF,DOMUT,50.261944,-1.669167, ,0.0,0.0,0,0,0,0,0,0,0,0
TF,KATHY,50.520556,-1.333333,0, ,0.0,0.0,0.0,0.0,0,0,0,0,0,0,0,0
TF,AVANT,50.820000,-0.938333,0, ,0.0,0.0,0.0,0.0,0,0,0,0,0,0,0,0
TF,GWC,50.855217,-0.756736,0, ,0.0,0.0,0.0,0.0,1,13000,0,1,250,0,0,0
TF,HOLLY,50.886667,-0.095000,0, ,0.0,0.0,0.0,0.0,0,0,0,0,0,0,0,1
CF,WILLO,50.985000,-0.191667,1,MID,105.0,16.9,285.0,5.0,0,0,0,0,0,0,0,0

APPTR,I08R,08R,ASTRA
IF,ASTRA,50.865556,-0.146389, ,0.0,0.0,1,4000,0,0,0,0,0,0
VI,1, ,0.0,16.0,1,4000,0,0,0,0,0,0
CF,D331S,51.029119,-0.114242,0,SFD,331.0,18.5,331.0,7.0,2,3000,0,0,0,0,0,0
CF,D275R,51.041231,-0.357536,0,MAY,274.8,18.0,275.0,9.2,1,3000,0,0,0,0,0,0
CF,D275W,51.047569,-0.489192,0,MAY,274.8,23.0,275.0,5.0,0,0,0,0,0,0,0,1
CF,CI08R,51.107719,-0.480561,2,IGG,258.7,12.3,78.0,1.0,1,3000,0,0,0,0,0,0

APPTR,I08R,08R,LUMBA
IF,LUMBA,50.945556,0.261667, ,0.0,0.0,2,4000,0,0,0,0,0,0
CF,MAY,51.017222,0.116111,0,OCK,129.9,27.4,308.0,7.0,1,4000,0,0,0,0,0,0
CF,D095J,51.042042,-0.361575,0,MID,95.0,10.0,275.0,18.2,1,3000,0,0,0,0,0,0
CF,D095E,51.048069,-0.493272,0,MID,95.0,5.0,275.0,5.0,0,0,0,0,0,0,0,1
CF,CI08R,51.107719,-0.480561,2,IGG,258.7,12.3,78.0,1.0,1,3000,0,0,0,0,0,0

APPTR,I08R,08R,TIMBA
IF,TIMBA,50.945553,0.261736, ,0.0,0.0,2,4000,0,0,0,0,0,0
CF,MAY,51.017183,0.116122,0,MAY,0.0,0.0,308.0,7.0,1,4000,0,0,0,0,0,0
CF,D275R,51.041231,-0.357536,0,MAY,274.8,18.0,275.0,18.0,1,3000,0,0,0,0,0,0
CF,D275W,51.047569,-0.489192,0,MAY,274.8,23.0,275.0,5.0,0,0,0,0,0,0,0,1
CF,CI08R,51.107719,-0.480561,2,IGG,258.7,12.3,78.0,1.0,1,3000,0,0,0,0,0,0

APPTR,I08R,08R,WILLO
IF,WILLO,50.985000,-0.191667, ,0.0,0.0,1,4000,0,0,0,0,0,0
FD,WILLO,50.985000,-0.191667,0,MID,105.0,11.0,285.0,11.0,1,3000,0,0,0,0,0,0
CF,D105E,51.033744,-0.496911,0,MID,105.0,5.0,285.0,6.0,0,0,0,0,0,0,0,1
CF,CI08R,51.107719,-0.480561,2,IGG,258.7,12.3,78.0,1.0,1,3000,0,0,0,0,0,0

FINAL,I08R,08R,I,3
IF,CI08R,51.107719,-0.480561,IGG,258.7,12.3,1,3000,0,0,0,0,0,0
CF,FI08R,51.114967,-0.428939,0,IGG,258.7,10.3,78.0,2.0,1,3000,0,0,0,0,2,0
CF,RW08R,51.145861,-0.206831,0,IGG,258.7,1.7,78.0,8.6,1,247,0,0,0,0,3,0
CA,0,78.0,2,2000,0,0,0,0,0,0
VM,0,0,2,179.0,1,3000,0,0,0,0,0,0

APPTR,I26L,26L,ASTRA
IF,ASTRA,50.865556,-0.146389, ,0.0,0.0,1,4000,0,0,0,0,0,0
VI,0, ,0.0,85.0,0,0,0,0,0,0,0,0
CF,MAY,51.017183,0.116122,0,MAY,0.0,0.0,40.0,12.0,1,4000,0,0,0,0,0,0
FD,MAY,51.017183,0.116122,0,MAY,0.0,8.5,3.0,8.5,1,2000,0,0,0,0,0,0
CF,CI26L,51.177222,0.022158,1,IWW,78.6,9.2,258.0,2.0,1,2000,0,0,0,0,0,0

APPTR,I26L,26L,LUMBA
IF,LUMBA,50.945556,0.261667, ,0.0,0.0,2,4000,0,0,0,0,0,0
CF,MAY,51.017222,0.116111,0,SFD,359.2,15.4,308.0,7.0,1,4000,0,0,0,0,0,0
FC,MAY,51.017222,0.116111,0,OCK,0.0,0.0,3.0,8.5,1,2000,0,0,0,0,0,0
CF,CI26L,51.177222,0.022158,1,IWW,78.6,9.2,258.0,2.0,1,2000,0,0,0,0,0,0

APPTR,I26L,26L,TIMBA
IF,TIMBA,50.945553,0.261736, ,0.0,0.0,2,4000,0,0,0,0,0,0
CF,MAY,51.017183,0.116122,0,MAY,0.0,0.0,308.0,7.0,1,4000,0,0,0,0,0,0
FD,MAY,51.017183,0.116122,0,MAY,0.0,8.5,3.0,8.5,1,2000,0,0,0,0,0,0
CF,CI26L,51.177222,0.022158,1,IWW,78.6,9.2,258.0,2.0,1,2000,0,0,0,0,0,0

APPTR,I26L,26L,WILLO
IF,WILLO,50.985000,-0.191667, ,0.0,0.0,1,4000,0,0,0,0,0,0
CF,D117V,50.902353,-0.096950,1,MID,115.3,22.0,105.0,5.0,0,0,0,0,0,0,0,1
CF,MAY,51.017183,0.116122,0,MAY,0.0,0.0,42.0,10.0,1,4000,0,0,0,0,0,0
FD,MAY,51.017183,0.116122,0,MAY,0.0,8.5,3.0,8.5,1,2000,0,0,0,0,0,0
CF,CI26L,51.177222,0.022158,1,IWW,78.6,9.2,258.0,2.0,1,2000,0,0,0,0,0,0

FINAL,I26L,26L,I,3
IF,CI26L,51.177222,0.022158,IWW,78.6,9.2,1,2000,0,0,0,0,0,0
CF,FI26L,51.170175,-0.029606,0,IWW,78.6,7.2,258.0,2.0,1,2000,0,0,0,0,2,0
CF,RW26L,51.150675,-0.171925,0,IWW,78.6,1.7,258.0,5.5,1,247,0,0,0,0,3,0
CA,0,258.0,2,2000,0,0,0,0,0,0
VM,0,0,0,179.0,1,3000,0,0,0,0,0,0

FINAL,R08L,08L,G,3
IF,MEBIG,51.109144,-0.483397, ,0.0,0.0,2,3000,0,0,0,0,0,0
TF,K08LF,51.116392,-0.431800,0, ,0.0,0.0,78.0,2.0,2,3000,0,0,0,0,2,0
TF,RW08L,51.147511,-0.208106,0, ,0.0,0.0,78.0,8.6,1,245,0,0,0,0,3,1
CA,0,78.0,2,2000,0,0,0,0,0,0
VM,0,0,2,179.0,1,3000,0,0,0,0,0,0

FINAL,R08R,08R,G,3
IF,ABIBI,51.107539,-0.481644, ,0.0,0.0,2,3000,0,0,0,0,0,0
TF,K08RF,51.114792,-0.430022,0, ,0.0,0.0,78.0,2.0,2,3000,0,0,0,0,2,0
TF,RW08R,51.145861,-0.206831,0, ,0.0,0.0,78.0,8.6,1,249,0,0,0,0,3,1
CA,0,78.0,2,2000,0,0,0,0,0,0
VM,0,0,2,179.0,1,3000,0,0,0,0,0,0

FINAL,R26L,26L,G,3
IF,OLEVI,51.188167,0.103139, ,0.0,0.0,2,3000,0,0,0,0,0,0
TF,K26LF,51.181203,0.051517,0, ,0.0,0.0,258.0,2.0,2,3000,0,0,0,0,2,0
TF,RW26L,51.150675,-0.171925,0, ,0.0,0.0,258.0,8.6,1,249,0,0,0,0,3,1
CA,0,258.0,2,2000,0,0,0,0,0,0
VM,0,0,0,179.0,1,3000,0,0,0,0,0,0

FINAL,R26R,26R,G,3
IF,ARPIT,51.188675,0.093147, ,0.0,0.0,2,3000,0,0,0,0,0,0
TF,K26RF,51.181664,0.041394,0, ,0.0,0.0,258.0,2.0,2,3000,0,0,0,0,2,0
TF,RW26R,51.151025,-0.182611,0, ,0.0,0.0,258.0,8.6,1,245,0,0,0,0,3,1
CA,0,258.0,2,2000,0,0,0,0,0,0
VM,0,0,0,179.0,1,3000,0,0,0,0,0,0

