SID,BPK1A,27,5
CF,LCW01,51.506778,0.005772,0,LAM,213.2,10.0,273.0,1.5,2,1110,0,1,200,0,0,1
DF,LCN01,51.559011,-0.019225,0, ,0.0,0.0,0,0,0,1,200,0,0,0
TF,LCN04,51.576875,0.015775,0, ,0.0,0.0,0.0,0.0,1,3000,0,1,200,0,0,0
TF,LCN05,51.594006,0.049381,0, ,0.0,0.0,0.0,0.0,1,3000,0,1,200,0,0,0
TF,BPK,51.749736,-0.106736,0, ,0.0,0.0,0.0,0.0,1,3000,0,1,200,0,0,0

SID,BPK1H,09,5
CF,LCE01,51.504075,0.091642,0,LAM,194.8,8.8,93.0,1.1,2,570,0,1,200,0,0,1
DF,LCN03,51.580236,0.063122,1, ,0.0,0.0,1,3000,0,1,200,0,0,0
TF,BPK,51.749736,-0.106736,0, ,0.0,0.0,0.0,0.0,1,3000,0,1,250,0,0,0

SID,BPK5T,27,2
CF,D274B,51.506825,0.005794,0,LAM,213.2,10.0,274.0,2.0,2,520,0,1,200,0,0,1
CF,D231G,51.577856,0.016747,2,LAM,231.0,6.5,51.0,2.0,1,3000,0,1,200,0,0,1
CF,BPK,51.749736,-0.106736,0,BPK,0.0,0.0,329.0,11.0,0,0,0,0,0,0,0,0

SID,BPK5U,09,2
CF,D094A,51.504047,0.091589,0,LAM,194.8,8.8,94.0,1.0,2,520,0,1,210,0,0,1
CF,D149L,51.580214,0.063161,1,BPK,149.0,12.0,329.0,3.0,1,3000,0,0,0,0,0,0
TF,BPK,51.749736,-0.106736,0, ,0.0,0.0,0.0,0.0,0,0,0,0,0,0,0,0

SID,CLN1A,27,5
CF,LCW01,51.506778,0.005772,0,LAM,213.2,10.0,273.0,1.5,2,1110,0,1,210,0,0,1
DF,LCN02,51.568914,-0.004475,0, ,0.0,0.0,1,3000,0,1,210,0,0,0
TF,LCE04,51.605472,0.206314,0, ,0.0,0.0,0.0,0.0,1,3000,0,1,250,0,0,0
TF,LCE05,51.592161,0.287631,0, ,0.0,0.0,0.0,0.0,1,3000,0,0,0,0,0,0
TF,CLN,51.848472,1.147589,0, ,0.0,0.0,0.0,0.0,1,3000,0,0,0,0,0,0

SID,CLN1H,09,5
CF,LCE01,51.504075,0.091642,0,LAM,194.8,8.8,93.0,1.1,2,570,0,1,210,0,0,1
CF,LCE02,51.554561,0.164011,0,LAM,175.2,5.5,25.0,3.0,1,3000,0,1,210,0,0,0
TF,LCE05,51.592161,0.287631,0, ,0.0,0.0,0.0,0.0,1,3000,0,1,250,0,0,0
TF,CLN,51.848472,1.147589,0, ,0.0,0.0,0.0,0.0,1,3000,0,0,0,0,0,0

SID,CLN7T,27,2
CF,D274B,51.506825,0.005794,0,LAM,213.2,10.0,274.0,2.0,2,520,0,0,0,0,0,1
DF,D075R,51.568925,-0.004364,2, ,0.0,0.0,1,3000,0,1,210,0,0,0
TF,D075Z,51.602419,0.188692,0, ,0.0,0.0,0.0,0.0,0,0,0,0,0,0,0,0
CF,BNN32,51.594311,0.280114,0,BNN,105.0,32.0,105.0,3.0,0,0,0,0,0,0,0,1
CF,CLN34,51.606394,0.323814,0,CLN,245.0,34.0,65.0,1.0,0,0,0,0,0,0,0,0
TF,CLN27,51.656706,0.492694,0, ,0.0,0.0,0.0,0.0,0,0,0,0,0,0,0,0
TF,D245Q,51.728156,0.734600,0, ,0.0,0.0,0.0,0.0,0,0,0,0,0,0,0,0
TF,CLN,51.848472,1.147589,0, ,0.0,0.0,0.0,0.0,0,0,0,0,0,0,0,0

SID,CLN7U,09,2
CF,D094A,51.504047,0.091589,0,LAM,194.8,8.8,94.0,1.0,2,520,0,1,210,0,0,1
CF,D020N,51.543297,0.152142,0,BIG,20.0,13.5,20.0,2.0,1,3000,0,1,210,0,0,1
CF,CLN38,51.577536,0.227478,0,CLN,245.0,38.0,65.0,3.0,0,0,0,0,0,0,0,0
TF,CLN34,51.606394,0.323814,0, ,0.0,0.0,0.0,0.0,0,0,0,0,0,0,0,0
TF,CLN27,51.656706,0.492694,0, ,0.0,0.0,0.0,0.0,0,0,0,0,0,0,0,0
TF,D245Q,51.728156,0.734600,0, ,0.0,0.0,0.0,0.0,0,0,0,0,0,0,0,0
TF,CLN,51.848472,1.147589,0, ,0.0,0.0,0.0,0.0,0,0,0,0,0,0,0,0

SID,CPT1A,27,5
CF,LCW01,51.506778,0.005772,0,LAM,213.2,10.0,273.0,1.5,2,1110,0,1,200,0,0,1
DF,LCN01,51.559011,-0.019225,0, ,0.0,0.0,0,0,0,1,200,0,0,0
TF,LCN04,51.576875,0.015775,0, ,0.0,0.0,0.0,0.0,1,3000,0,1,200,0,0,0
TF,LCN05,51.594006,0.049381,0, ,0.0,0.0,0.0,0.0,1,3000,0,1,200,0,0,0
TF,BPK,51.749736,-0.106736,0, ,0.0,0.0,0.0,0.0,1,3000,0,1,200,0,0,0
TF,HEN,51.759742,-0.790292,0, ,0.0,0.0,0.0,0.0,1,3000,0,1,250,0,0,0
TF,CPT,51.491572,-1.219692,0, ,0.0,0.0,0.0,0.0,1,3000,0,0,0,0,0,0

SID,CPT1H,09,5
CF,LCE01,51.504075,0.091642,0,LAM,194.8,8.8,93.0,1.1,2,570,0,1,200,0,0,1
DF,LCN03,51.580236,0.063122,1, ,0.0,0.0,1,3000,0,1,200,0,0,0
TF,BPK,51.749736,-0.106736,0, ,0.0,0.0,0.0,0.0,1,3000,0,1,250,0,0,0
TF,HEN,51.759742,-0.790292,0, ,0.0,0.0,0.0,0.0,1,3000,0,0,0,0,0,0
TF,CPT,51.491572,-1.219692,0, ,0.0,0.0,0.0,0.0,1,3000,0,0,0,0,0,0

SID,CPT6T,27,2
CF,D274B,51.506825,0.005794,0,LAM,213.2,10.0,274.0,2.0,2,520,0,1,200,0,0,1
CF,D231G,51.577856,0.016747,2,LAM,231.0,6.5,51.0,2.0,1,3000,0,1,200,0,0,0
CF,BPK,51.749736,-0.106736,0,BPK,0.0,0.0,329.0,11.0,0,0,0,0,0,0,0,0
TF,HEN,51.759742,-0.790292,0, ,0.0,0.0,0.0,0.0,0,0,0,0,0,0,0,0
TF,RODNI,51.715833,-0.861667,0, ,0.0,0.0,0.0,0.0,0,0,0,0,0,0,0,0
TF,D045K,51.621561,-1.012811,0, ,0.0,0.0,0.0,0.0,0,0,0,0,0,0,0,0
TF,CPT,51.491572,-1.219692,0, ,0.0,0.0,0.0,0.0,0,0,0,0,0,0,0,0

SID,CPT6U,09,2
CF,D094A,51.504047,0.091589,0,LAM,194.8,8.8,94.0,1.0,2,520,0,1,210,0,0,1
CF,D149L,51.580214,0.063161,1,BPK,149.0,12.0,329.0,3.0,1,3000,0,0,0,0,0,0
TF,BPK,51.749736,-0.106736,0, ,0.0,0.0,0.0,0.0,0,0,0,0,0,0,0,0
TF,HEN,51.759742,-0.790292,0, ,0.0,0.0,0.0,0.0,0,0,0,0,0,0,0,0
TF,RODNI,51.715833,-0.861667,0, ,0.0,0.0,0.0,0.0,0,0,0,0,0,0,0,0
TF,D045K,51.621561,-1.012811,0, ,0.0,0.0,0.0,0.0,0,0,0,0,0,0,0,0
TF,CPT,51.491572,-1.219692,0, ,0.0,0.0,0.0,0.0,0,0,0,0,0,0,0,0

SID,DVR5T,27,2
CF,D274B,51.506825,0.005794,0,LAM,213.2,10.0,274.0,2.0,2,520,0,0,0,0,0,1
DF,D075R,51.568925,-0.004364,2, ,0.0,0.0,1,3000,0,1,210,0,0,0
TF,D075Z,51.602419,0.188692,0, ,0.0,0.0,0.0,0.0,0,0,0,0,0,0,0,1
CF,GINTI,51.578611,0.370000,0,BNN,105.1,35.5,105.0,7.0,0,0,0,0,0,0,0,1
CF,DET,51.304003,0.597275,0,DET,0.0,0.0,156.0,18.0,0,0,0,0,0,0,0,0
TF,DVR,51.162622,1.359089,0, ,0.0,0.0,0.0,0.0,0,0,0,0,0,0,0,0

SID,DVR5U,09,2
CF,D094A,51.504047,0.091589,0,LAM,194.8,8.8,94.0,1.0,2,520,0,1,210,0,0,1
CF,D020N,51.543297,0.152142,0,BIG,20.0,13.5,20.0,2.0,1,3000,0,1,210,0,0,1
CF,LON27,51.563144,0.243619,0,LON,81.0,27.0,81.0,3.0,0,0,0,0,0,0,0,0
TF,BEMID,51.573889,0.348889,0, ,0.0,0.0,0.0,0.0,0,0,0,0,0,0,0,1
CF,DET,51.304003,0.597275,0,DET,0.0,0.0,156.0,18.0,0,0,0,0,0,0,0,0
TF,DVR,51.162622,1.359089,0, ,0.0,0.0,0.0,0.0,0,0,0,0,0,0,0,0

SID,EKNI1A,27,5
CF,LCW01,51.506778,0.005772,0,LAM,213.2,10.0,273.0,1.5,2,1110,0,1,210,0,0,1
DF,LCN02,51.568914,-0.004475,0, ,0.0,0.0,1,3000,0,1,210,0,0,0
TF,LCN06,51.602411,0.188561,0, ,0.0,0.0,0.0,0.0,1,3000,0,1,250,0,0,0
TF,LCE06,51.606597,0.391231,0, ,0.0,0.0,0.0,0.0,1,3000,0,0,0,0,0,0
TF,SODVU,51.587633,0.579667,0, ,0.0,0.0,0.0,0.0,1,3000,0,0,0,0,0,0
TF,EKNIV,51.407117,0.625300,0, ,0.0,0.0,0.0,0.0,1,3000,0,0,0,0,0,0

SID,EKNI1H,09,5
CF,LCE01,51.504075,0.091642,0,LAM,194.8,8.8,93.0,1.1,2,570,0,1,210,0,0,1
CF,LCE02,51.554561,0.164011,0,LAM,175.2,5.5,25.0,3.0,1,3000,0,1,210,0,0,0
TF,LCE03,51.563028,0.243517,0, ,0.0,0.0,0.0,0.0,1,3000,0,1,250,0,0,0
TF,LCE06,51.606597,0.391231,0, ,0.0,0.0,0.0,0.0,1,3000,0,0,0,0,0,0
TF,SODVU,51.587633,0.579667,0, ,0.0,0.0,0.0,0.0,1,3000,0,0,0,0,0,0
TF,EKNIV,51.407117,0.625300,0, ,0.0,0.0,0.0,0.0,1,3000,0,0,0,0,0,0

SID,LYD5T,27,2
CF,D274B,51.506825,0.005794,0,LAM,213.2,10.0,274.0,2.0,2,520,0,0,0,0,0,1
DF,D075R,51.568925,-0.004364,2, ,0.0,0.0,1,3000,0,1,210,0,0,0
TF,D075Z,51.602419,0.188692,0, ,0.0,0.0,0.0,0.0,0,0,0,0,0,0,0,1
CF,GINTI,51.578611,0.370000,0,BNN,105.1,35.5,105.0,7.0,0,0,0,0,0,0,0,1
CF,DET,51.304003,0.597275,0,DET,0.0,0.0,156.0,18.0,0,0,0,0,0,0,0,0
TF,LYD,50.999686,0.878661,0, ,0.0,0.0,0.0,0.0,0,0,0,0,0,0,0,0

SID,LYD5U,09,2
CF,D094A,51.504047,0.091589,0,LAM,194.8,8.8,94.0,1.0,2,520,0,1,210,0,0,1
CF,D020N,51.543297,0.152142,0,BIG,20.0,13.5,20.0,2.0,1,3000,0,1,210,0,0,1
CF,LON27,51.563144,0.243619,0,LON,81.0,27.0,81.0,3.0,0,0,0,0,0,0,0,0
TF,BEMID,51.573889,0.348889,0, ,0.0,0.0,0.0,0.0,0,0,0,0,0,0,0,1
CF,DET,51.304003,0.597275,0,DET,0.0,0.0,156.0,18.0,0,0,0,0,0,0,0,0
TF,LYD,50.999686,0.878661,0, ,0.0,0.0,0.0,0.0,0,0,0,0,0,0,0,0

STAR,GODL1A,ALL,5
IF,BEDEK,51.370833,-1.558611, ,0.0,0.0,1,18000,0,0,0,0,0,0
TF,BIG,51.330875,0.034811,0, ,0.0,0.0,0.0,0.0,1,16000,0,0,0,0,0,0
TF,UMTUM,51.207583,1.017439,0, ,0.0,0.0,0.0,0.0,0,0,0,1,250,0,0,0
TF,GODLU,51.166233,1.284517,0, ,0.0,0.0,0.0,0.0,1,10000,0,1,210,0,0,0

STAR,GODL1C,ALL,5
IF,KONAN,51.130764,2.000000, ,0.0,0.0,0,0,0,0,0,0,0,0
TF,GODLU,51.166233,1.284517,0, ,0.0,0.0,0.0,0.0,1,10000,0,1,210,0,0,0

STAR,GODL1D,ALL,5
IF,SOVAT,50.779444,1.466667, ,0.0,0.0,0,0,0,0,0,0,0,0
TF,ERKEX,50.877950,1.326933,0, ,0.0,0.0,0.0,0.0,0,0,0,1,250,0,0,0
TF,OKVAP,50.963600,1.332217,0, ,0.0,0.0,0.0,0.0,0,0,0,1,250,0,0,0
TF,GODLU,51.166233,1.284517,0, ,0.0,0.0,0.0,0.0,1,10000,0,1,210,0,0,0

STAR,GODL1F,ALL,5
IF,NEVIL,50.000000,-0.368233, ,0.0,0.0,1,22000,0,0,0,0,0,0
TF,OSPOL,50.150000,-0.185511,0, ,0.0,0.0,0.0,0.0,0,0,0,0,0,0,0,0
TF,NETVU,50.412500,0.481667,0, ,0.0,0.0,0.0,0.0,1,14000,0,0,0,0,0,0
TF,SOXUX,50.596200,0.929300,0, ,0.0,0.0,0.0,0.0,0,0,0,0,0,0,0,0
TF,OKVAP,50.963600,1.332217,0, ,0.0,0.0,0.0,0.0,0,0,0,1,250,0,0,0
TF,GODLU,51.166233,1.284517,0, ,0.0,0.0,0.0,0.0,1,10000,0,1,210,0,0,0

STAR,GODL1G,ALL,5
IF,DOMUT,50.261944,-1.669167, ,0.0,0.0,0,0,0,0,0,0,0,0
TF,KATHY,50.520556,-1.333333,0, ,0.0,0.0,0.0,0.0,0,0,0,0,0,0,0,0
TF,BIDVA,50.727433,-0.977633,0, ,0.0,0.0,0.0,0.0,1,13000,0,0,0,0,0,0
TF,EVEXU,50.687717,-0.578017,0, ,0.0,0.0,0.0,0.0,0,0,0,0,0,0,0,0
TF,SOXUX,50.596200,0.929300,0, ,0.0,0.0,0.0,0.0,0,0,0,0,0,0,0,0
TF,OKVAP,50.963600,1.332217,0, ,0.0,0.0,0.0,0.0,0,0,0,1,250,0,0,0
TF,GODLU,51.166233,1.284517,0, ,0.0,0.0,0.0,0.0,1,10000,0,1,210,0,0,0

STAR,GODL1H,ALL,5
IF,SAM,50.955250,-1.345056, ,0.0,0.0,0,0,0,0,0,0,0,0
TF,BIDVA,50.727433,-0.977633,0, ,0.0,0.0,0.0,0.0,1,13000,0,0,0,0,0,0
TF,EVEXU,50.687717,-0.578017,0, ,0.0,0.0,0.0,0.0,0,0,0,0,0,0,0,0
TF,SOXUX,50.596200,0.929300,0, ,0.0,0.0,0.0,0.0,0,0,0,0,0,0,0,0
TF,OKVAP,50.963600,1.332217,0, ,0.0,0.0,0.0,0.0,0,0,0,1,250,0,0,0
TF,GODLU,51.166233,1.284517,0, ,0.0,0.0,0.0,0.0,1,10000,0,1,210,0,0,0

STAR,GODL1J,ALL,5
IF,GIBSO,50.749722,-2.518611, ,0.0,0.0,0,0,0,0,0,0,0,0
TF,BEGTO,50.762500,-1.235556,0, ,0.0,0.0,0.0,0.0,0,0,0,0,0,0,0,0
TF,AVANT,50.820000,-0.938333,0, ,0.0,0.0,0.0,0.0,1,19000,0,0,0,0,0,0
TF,BIG,51.330875,0.034811,0, ,0.0,0.0,0.0,0.0,1,16000,0,0,0,0,0,0
TF,UMTUM,51.207583,1.017439,0, ,0.0,0.0,0.0,0.0,0,0,0,1,250,0,0,0
TF,GODLU,51.166233,1.284517,0, ,0.0,0.0,0.0,0.0,1,10000,0,1,210,0,0,0

STAR,GODL1K,ALL,5
IF,XAMAN,51.784722,2.224167, ,0.0,0.0,0,0,0,1,250,0,0,0
TF,TEVMO,51.173594,1.416428,0, ,0.0,0.0,0.0,0.0,0,0,0,1,210,0,0,0
TF,GODLU,51.166233,1.284517,0, ,0.0,0.0,0.0,0.0,1,10000,0,1,210,0,0,0

STAR,GODL1L,ALL,5
IF,SUMUM,51.637222,2.107778, ,0.0,0.0,0,0,0,1,250,0,0,0
TF,TEVMO,51.173594,1.416428,0, ,0.0,0.0,0.0,0.0,0,0,0,1,210,0,0,0
TF,GODLU,51.166233,1.284517,0, ,0.0,0.0,0.0,0.0,1,10000,0,1,210,0,0,0

STAR,JACK1A,ALL,5
IF,KENET,51.520556,-1.455000, ,0.0,0.0,0,0,0,0,0,0,0,0
TF,WCO,51.852919,-0.962408,0, ,0.0,0.0,0.0,0.0,0,0,0,0,0,0,0,0
TF,BOMBO,51.995556,-0.396389,0, ,0.0,0.0,0.0,0.0,0,0,0,1,250,0,0,0
TF,BKY,51.989769,0.061908,0, ,0.0,0.0,0.0,0.0,0,0,0,0,0,0,0,0
TF,BRAIN,51.811086,0.651667,0, ,0.0,0.0,0.0,0.0,0,0,0,0,0,0,0,0
TF,CLN,51.848472,1.147589,0, ,0.0,0.0,0.0,0.0,0,0,0,1,250,0,0,0
TF,JACKO,51.735833,1.426667,0, ,0.0,0.0,0.0,0.0,1,9000,0,1,210,0,0,0

STAR,JACK1B,ALL,5
IF,SUMUM,51.637222,2.107778, ,0.0,0.0,0,0,0,0,0,0,0,0
TF,LOGAN,51.747589,1.611828,0, ,0.0,0.0,0.0,0.0,0,0,0,1,250,0,0,0
TF,JACKO,51.735833,1.426667,0, ,0.0,0.0,0.0,0.0,1,9000,0,1,210,0,0,0

STAR,JACK1D,ALL,5
IF,XAMAN,51.784722,2.224167, ,0.0,0.0,0,0,0,0,0,0,0,0
TF,LOGAN,51.747589,1.611828,0, ,0.0,0.0,0.0,0.0,0,0,0,1,250,0,0,0
TF,JACKO,51.735833,1.426667,0, ,0.0,0.0,0.0,0.0,1,9000,0,1,210,0,0,0

STAR,JACK1H,ALL,5
IF,HON,52.356678,-1.663725, ,0.0,0.0,0,0,0,0,0,0,0,0
TF,ROGBI,52.296389,-1.335000,0, ,0.0,0.0,0.0,0.0,1,20000,0,0,0,0,0,0
TF,TIXEX,52.130000,-1.012000,0, ,0.0,0.0,0.0,0.0,0,0,0,0,0,0,0,0
TF,ODVOD,52.132217,0.148050,0, ,0.0,0.0,0.0,0.0,0,0,0,0,0,0,0,0
TF,ROPMU,52.104017,0.488100,0, ,0.0,0.0,0.0,0.0,0,0,0,0,0,0,0,0
TF,NUDNA,52.065250,0.837933,0, ,0.0,0.0,0.0,0.0,0,0,0,1,250,0,0,0
TF,INLIM,51.906383,1.320250,0, ,0.0,0.0,0.0,0.0,1,12000,0,1,250,0,0,0
TF,JACKO,51.735833,1.426667,0, ,0.0,0.0,0.0,0.0,1,9000,0,1,210,0,0,0

STAR,JACK1M,ALL,5
IF,MCT,53.357025,-2.262289, ,0.0,0.0,0,0,0,0,0,0,0,0
TF,PEDIG,52.746667,-1.719444,0, ,0.0,0.0,0.0,0.0,0,0,0,0,0,0,0,0
TF,ROGBI,52.296389,-1.335000,0, ,0.0,0.0,0.0,0.0,0,0,0,0,0,0,0,0
TF,TIXEX,52.130000,-1.012000,0, ,0.0,0.0,0.0,0.0,0,0,0,0,0,0,0,0
TF,ODVOD,52.132217,0.148050,0, ,0.0,0.0,0.0,0.0,1,22000,0,0,0,0,0,0
TF,ROPMU,52.104017,0.488100,0, ,0.0,0.0,0.0,0.0,0,0,0,0,0,0,0,0
TF,NUDNA,52.065250,0.837933,0, ,0.0,0.0,0.0,0.0,0,0,0,1,250,0,0,0
TF,INLIM,51.906383,1.320250,0, ,0.0,0.0,0.0,0.0,1,12000,0,1,250,0,0,0
TF,JACKO,51.735833,1.426667,0, ,0.0,0.0,0.0,0.0,1,9000,0,1,210,0,0,0

STAR,JACK2L,ALL,5
IF,LISTO,53.143333,-2.199167, ,0.0,0.0,0,0,0,0,0,0,0,0
TF,PEDIG,52.746667,-1.719444,0, ,0.0,0.0,0.0,0.0,0,0,0,0,0,0,0,0
TF,ROGBI,52.296389,-1.335000,0, ,0.0,0.0,0.0,0.0,0,0,0,0,0,0,0,0
TF,TIXEX,52.130000,-1.012000,0, ,0.0,0.0,0.0,0.0,0,0,0,0,0,0,0,0
TF,ODVOD,52.132217,0.148050,0, ,0.0,0.0,0.0,0.0,1,22000,0,0,0,0,0,0
TF,ROPMU,52.104017,0.488100,0, ,0.0,0.0,0.0,0.0,0,0,0,0,0,0,0,0
TF,NUDNA,52.065250,0.837933,0, ,0.0,0.0,0.0,0.0,0,0,0,1,250,0,0,0
TF,INLIM,51.906383,1.320250,0, ,0.0,0.0,0.0,0.0,1,12000,0,1,250,0,0,0
TF,JACKO,51.735833,1.426667,0, ,0.0,0.0,0.0,0.0,1,9000,0,1,210,0,0,0

APPTR,I09,09,ALKI1
IF,ALKIN,51.390556,0.194722, ,0.0,0.0,0,0,0,0,0,0,0,0
CF,D142E,51.444297,0.145286,2,LON,97.2,23.1,357.0,3.3,0,0,0,0,0,0,0,0
CF,LCY,51.504350,0.067503,0,LON,87.9,20.1,322.0,4.6,1,2000,0,0,0,0,1,0
CF,D306F,51.559467,-0.058939,0,BIG,346.7,14.2,306.0,5.8,0,0,0,0,0,0,0,1
CF,CF09,51.509631,-0.087292,1,ILST,273.9,5.8,94.0,1.0,1,2000,0,0,0,0,1,0

APPTR,I09,09,ALKI2
IF,ALKIN,51.390556,0.194722, ,0.0,0.0,0,0,0,0,0,0,0,0
CF,D142E,51.444297,0.145286,2,LON,97.2,23.1,357.0,3.3,0,0,0,0,0,0,0,0
CF,LCY,51.504350,0.067503,0,LON,87.9,20.1,322.0,4.6,1,2000,0,0,0,0,1,0
CF,D289F,51.534194,-0.080233,0,BIG,341.6,13.0,289.0,5.8,0,0,0,0,0,0,0,1
CF,CF09,51.509631,-0.087292,1,ILST,273.9,5.8,94.0,1.0,1,2000,0,0,0,0,1,0

APPTR,I09,09,LCY1
IF,LCY,51.504350,0.067503, ,0.0,0.0,1,2000,0,0,0,0,1,0
CF,D306F,51.559467,-0.058939,0,BIG,346.7,14.2,306.0,5.8,0,0,0,0,0,0,0,1
CF,CF09,51.509631,-0.087292,1,ILST,273.9,5.8,94.0,1.0,1,2000,0,0,0,0,1,0

APPTR,I09,09,LCY2
IF,LCY,51.504350,0.067503, ,0.0,0.0,1,2000,0,0,0,0,1,0
CF,D289F,51.534194,-0.080233,0,BIG,341.6,13.0,289.0,5.8,0,0,0,0,0,0,0,1
CF,CF09,51.509631,-0.087292,1,ILST,273.9,5.8,94.0,1.0,1,2000,0,0,0,0,1,0

APPTR,I09,09,ODL1G
IF,GODLU,51.166233,1.284517, ,0.0,0.0,1,10000,0,1,210,0,0,0
TF,ELMIV,51.342522,1.259267,0, ,0.0,0.0,0.0,0.0,0,0,0,0,0,0,0,0
TF,LCE11,51.417936,1.309669,0, ,0.0,0.0,0.0,0.0,0,0,0,0,0,0,0,0
TF,LCE12,51.499492,1.318522,0, ,0.0,0.0,0.0,0.0,0,0,0,0,0,0,0,0
TF,LCE13,51.578461,1.284664,0, ,0.0,0.0,0.0,0.0,1,10000,0,0,0,0,0,0
TF,RAVSA,51.474725,0.920478,1, ,0.0,0.0,0.0,0.0,1,6000,0,0,0,0,0,0
TF,GAPGI,51.479136,0.805831,0, ,0.0,0.0,0.0,0.0,1,6000,0,0,0,0,0,0
TF,ATPEV,51.488347,0.556317,0, ,0.0,0.0,0.0,0.0,0,0,0,0,0,0,0,0
TF,LCE07,51.491450,0.468803,0, ,0.0,0.0,0.0,0.0,1,4000,0,0,0,0,0,0
TF,OSVEV,51.430378,0.302386,0, ,0.0,0.0,0.0,0.0,1,3000,0,1,210,0,0,0
TF,LCS01,51.434269,0.185942,0, ,0.0,0.0,0.0,0.0,1,3000,0,1,185,0,0,0
TF,LCS02,51.438678,0.049758,0, ,0.0,0.0,0.0,0.0,1,2000,0,0,0,0,0,0
TF,TODBI,51.443431,-0.103272,0, ,0.0,0.0,0.0,0.0,1,2000,0,0,0,0,0,0
TF,ODLEG,51.490375,-0.121267,0, ,0.0,0.0,0.0,0.0,0,0,0,0,0,0,0,0
FM,ODLEG,51.490375,-0.121267,0,BIG,0.0,0.0,49.0,1,2000,0,1,185,0,0,0
CF,CF09,51.509631,-0.087292,0,ILST,273.9,5.8,94.0,1.7,1,2000,0,0,0,0,0,0

APPTR,I09,09,ODL1J
IF,JACKO,51.735833,1.426667, ,0.0,0.0,1,9000,0,1,210,0,0,0
TF,NONVA,51.646236,1.362308,0, ,0.0,0.0,0.0,0.0,0,0,0,0,0,0,0,0
TF,BABKU,51.588775,1.321175,0, ,0.0,0.0,0.0,0.0,0,0,0,0,0,0,0,0
TF,LCE21,51.501894,1.358353,0, ,0.0,0.0,0.0,0.0,0,0,0,0,0,0,0,0
TF,LCE22,51.412186,1.348536,0, ,0.0,0.0,0.0,0.0,0,0,0,0,0,0,0,0
TF,LCE23,51.329244,1.293039,0, ,0.0,0.0,0.0,0.0,1,9000,0,0,0,0,0,0
TF,RAVSA,51.474725,0.920478,2, ,0.0,0.0,0.0,0.0,1,6000,0,0,0,0,0,0
TF,GAPGI,51.479136,0.805831,0, ,0.0,0.0,0.0,0.0,1,6000,0,0,0,0,0,0
TF,ATPEV,51.488347,0.556317,0, ,0.0,0.0,0.0,0.0,0,0,0,0,0,0,0,0
TF,LCE07,51.491450,0.468803,0, ,0.0,0.0,0.0,0.0,1,4000,0,0,0,0,0,0
TF,OSVEV,51.430378,0.302386,0, ,0.0,0.0,0.0,0.0,1,3000,0,1,210,0,0,0
TF,LCS01,51.434269,0.185942,0, ,0.0,0.0,0.0,0.0,1,3000,0,1,185,0,0,0
TF,LCS02,51.438678,0.049758,0, ,0.0,0.0,0.0,0.0,1,2000,0,0,0,0,0,0
TF,TODBI,51.443431,-0.103272,0, ,0.0,0.0,0.0,0.0,1,2000,0,0,0,0,0,0
TF,ODLEG,51.490375,-0.121267,0, ,0.0,0.0,0.0,0.0,0,0,0,0,0,0,0,0
FM,ODLEG,51.490375,-0.121267,0,BIG,0.0,0.0,49.0,1,2000,0,1,185,0,0,0
CF,CF09,51.509631,-0.087292,0,ILST,273.9,5.8,94.0,1.7,1,2000,0,0,0,0,0,0

FINAL,I09,09,I,3
IF,CF09,51.509631,-0.087292,ILST,273.9,5.8,2,2000,0,0,0,0,0,0
CF,FF09,51.508344,-0.044922,0,ILST,273.9,4.2,94.0,1.6,1,2000,0,0,0,0,2,0
CF,RW09,51.505528,0.045753,0,ILST,273.9,0.8,94.0,3.4,1,51,0,0,0,0,3,0
FA,RW09,51.505528,0.045753,0,LON,0.0,0.0,94.0,2,2000,0,0,0,0,0,0
CF,D094F,51.500444,0.198100,0,LON,88.9,24.9,94.0,1.7,0,0,0,0,0,0,0,1
DF,LCY,51.504350,0.067503,1, ,0.0,0.0,1,2000,0,0,0,0,0,0

APPTR,I27,27,ALKIN
IF,ALKIN,51.390556,0.194722, ,0.0,0.0,0,0,0,0,0,0,0,0
TF,LCY,51.504350,0.067503,0, ,0.0,0.0,0.0,0.0,2,2300,0,0,0,0,1,0
HF,LCY,51.504350,0.067503,2, ,0.0,0.0,274.0,05.9,2,2000,0,0,0,0,0,0,0

APPTR,I27,27,LAV1G
IF,GODLU,51.166233,1.284517, ,0.0,0.0,1,10000,0,1,210,0,0,0
TF,ELMIV,51.342522,1.259267,0, ,0.0,0.0,0.0,0.0,0,0,0,0,0,0,0,0
TF,LCE11,51.417936,1.309669,0, ,0.0,0.0,0.0,0.0,0,0,0,0,0,0,0,0
TF,LCE12,51.499492,1.318522,0, ,0.0,0.0,0.0,0.0,0,0,0,0,0,0,0,0
TF,LCE13,51.578461,1.284664,0, ,0.0,0.0,0.0,0.0,1,10000,0,0,0,0,0,0
TF,RAVSA,51.474725,0.920478,1, ,0.0,0.0,0.0,0.0,1,6000,0,0,0,0,0,0
TF,GAPGI,51.479136,0.805831,0, ,0.0,0.0,0.0,0.0,1,6000,0,0,0,0,0,0
TF,ATPEV,51.488347,0.556317,0, ,0.0,0.0,0.0,0.0,0,0,0,0,0,0,0,0
TF,LCE07,51.491450,0.468803,0, ,0.0,0.0,0.0,0.0,1,4000,0,0,0,0,0,0
TF,TOPDU,51.496033,0.336061,0, ,0.0,0.0,0.0,0.0,0,0,0,1,210,0,0,0
CF,LAVNO,51.499761,0.224769,0,ILSR,93.9,6.9,274.0,4.2,1,3000,0,1,185,0,1,0

APPTR,I27,27,LAV1J
IF,JACKO,51.735833,1.426667, ,0.0,0.0,1,9000,0,1,210,0,0,0
TF,NONVA,51.646236,1.362308,0, ,0.0,0.0,0.0,0.0,0,0,0,0,0,0,0,0
TF,BABKU,51.588775,1.321175,0, ,0.0,0.0,0.0,0.0,0,0,0,0,0,0,0,0
TF,LCE21,51.501894,1.358353,0, ,0.0,0.0,0.0,0.0,0,0,0,0,0,0,0,0
TF,LCE22,51.412186,1.348536,0, ,0.0,0.0,0.0,0.0,0,0,0,0,0,0,0,0
TF,LCE23,51.329244,1.293039,0, ,0.0,0.0,0.0,0.0,1,9000,0,0,0,0,0,0
TF,RAVSA,51.474725,0.920478,2, ,0.0,0.0,0.0,0.0,1,6000,0,0,0,0,0,0
TF,GAPGI,51.479136,0.805831,0, ,0.0,0.0,0.0,0.0,1,6000,0,0,0,0,0,0
TF,ATPEV,51.488347,0.556317,0, ,0.0,0.0,0.0,0.0,0,0,0,0,0,0,0,0
TF,LCE07,51.491450,0.468803,0, ,0.0,0.0,0.0,0.0,1,4000,0,0,0,0,0,0
TF,TOPDU,51.496033,0.336061,0, ,0.0,0.0,0.0,0.0,0,0,0,1,210,0,0,0
CF,LAVNO,51.499761,0.224769,0,ILSR,93.9,6.9,274.0,4.2,1,3000,0,1,185,0,1,0

APPTR,I27,27,LCY
IF,LCY,51.504350,0.067503, ,0.0,0.0,0,0,0,0,0,0,1,0
HF,LCY,51.504350,0.067503,2, ,0.0,0.0,274.0,05.9,2,2000,0,0,0,0,0,0,0

FINAL,I27,27,I,3
IF,LAVNO,51.499761,0.224769,ILSR,93.9,6.9,2,2000,0,0,0,0,0,0
CF,FF27,51.502019,0.155603,0,ILSR,93.9,4.3,274.0,2.6,1,2000,0,0,0,0,2,0
CF,RW27,51.504922,0.064953,0,ILSR,93.9,0.9,274.0,3.4,1,54,0,0,0,0,3,0
FA,RW27,51.504922,0.064953,0,LON,0.0,0.0,274.0,2,2000,0,0,0,0,0,0
CF,D274E,51.509806,-0.087425,0,LON,85.4,14.3,274.0,1.7,0,0,0,0,0,0,0,1
DF,LCY,51.504350,0.067503,2, ,0.0,0.0,1,2000,0,0,0,0,0,0

APPTR,L09,09,ALKI1
IF,ALKIN,51.390556,0.194722, ,0.0,0.0,0,0,0,0,0,0,0,0
CF,D142E,51.444297,0.145286,2,LON,97.2,23.1,357.0,3.3,0,0,0,0,0,0,0,0
CF,LCY,51.504350,0.067503,0,LON,87.9,20.1,322.0,4.6,1,2000,0,0,0,0,1,0
CF,D306F,51.559467,-0.058939,0,LON,75.0,15.9,306.0,5.8,0,0,0,0,0,0,0,1
CF,CF09,51.509631,-0.087292,1,ILST,273.9,5.8,94.0,1.0,1,2000,0,0,0,0,1,0

APPTR,L09,09,ALKI2
IF,ALKIN,51.390556,0.194722, ,0.0,0.0,0,0,0,0,0,0,0,0
CF,D142E,51.444297,0.145286,2,LON,97.2,23.1,357.0,3.3,0,0,0,0,0,0,0,0
CF,LCY,51.504350,0.067503,0,LON,87.9,20.1,322.0,4.6,1,2000,0,0,0,0,1,0
CF,D289F,51.534194,-0.080233,0,LON,79.8,14.8,289.0,5.8,0,0,0,0,0,0,0,1
CF,CF09,51.509631,-0.087292,1,ILST,273.9,5.8,94.0,1.0,1,2000,0,0,0,0,1,0

APPTR,L09,09,LCY1
IF,LCY,51.504350,0.067503, ,0.0,0.0,1,2000,0,0,0,0,1,0
CF,D306F,51.559467,-0.058939,0,LON,75.0,15.9,306.0,5.8,0,0,0,0,0,0,0,1
CF,CF09,51.509631,-0.087292,1,ILST,273.9,5.8,94.0,1.0,1,2000,0,0,0,0,1,0

APPTR,L09,09,LCY2
IF,LCY,51.504350,0.067503, ,0.0,0.0,1,2000,0,0,0,0,1,0
CF,D289F,51.534194,-0.080233,0,LON,79.8,14.8,289.0,5.8,0,0,0,0,0,0,0,1
CF,CF09,51.509631,-0.087292,1,ILST,273.9,5.8,94.0,1.0,1,2000,0,0,0,0,1,0

APPTR,L09,09,ODL1G
IF,GODLU,51.166233,1.284517, ,0.0,0.0,1,10000,0,1,210,0,0,0
TF,ELMIV,51.342522,1.259267,0, ,0.0,0.0,0.0,0.0,0,0,0,0,0,0,0,0
TF,LCE11,51.417936,1.309669,0, ,0.0,0.0,0.0,0.0,0,0,0,0,0,0,0,0
TF,LCE12,51.499492,1.318522,0, ,0.0,0.0,0.0,0.0,0,0,0,0,0,0,0,0
TF,LCE13,51.578461,1.284664,0, ,0.0,0.0,0.0,0.0,1,10000,0,0,0,0,0,0
TF,RAVSA,51.474725,0.920478,1, ,0.0,0.0,0.0,0.0,1,6000,0,0,0,0,0,0
TF,GAPGI,51.479136,0.805831,0, ,0.0,0.0,0.0,0.0,1,6000,0,0,0,0,0,0
TF,ATPEV,51.488347,0.556317,0, ,0.0,0.0,0.0,0.0,0,0,0,0,0,0,0,0
TF,LCE07,51.491450,0.468803,0, ,0.0,0.0,0.0,0.0,1,4000,0,0,0,0,0,0
TF,OSVEV,51.430378,0.302386,0, ,0.0,0.0,0.0,0.0,1,3000,0,1,210,0,0,0
TF,LCS01,51.434269,0.185942,0, ,0.0,0.0,0.0,0.0,1,3000,0,1,185,0,0,0
TF,LCS02,51.438678,0.049758,0, ,0.0,0.0,0.0,0.0,1,2000,0,0,0,0,0,0
TF,TODBI,51.443431,-0.103272,0, ,0.0,0.0,0.0,0.0,1,2000,0,0,0,0,0,0
TF,ODLEG,51.490375,-0.121267,0, ,0.0,0.0,0.0,0.0,0,0,0,0,0,0,0,0
FM,ODLEG,51.490375,-0.121267,0,BIG,0.0,0.0,49.0,1,2000,0,1,185,0,0,0
CF,CF09,51.509631,-0.087292,0,ILST,273.9,5.8,94.0,1.7,1,2000,0,0,0,0,0,0

APPTR,L09,09,ODL1J
IF,JACKO,51.735833,1.426667, ,0.0,0.0,1,9000,0,1,210,0,0,0
TF,NONVA,51.646236,1.362308,0, ,0.0,0.0,0.0,0.0,0,0,0,0,0,0,0,0
TF,BABKU,51.588775,1.321175,0, ,0.0,0.0,0.0,0.0,0,0,0,0,0,0,0,0
TF,LCE21,51.501894,1.358353,0, ,0.0,0.0,0.0,0.0,0,0,0,0,0,0,0,0
TF,LCE22,51.412186,1.348536,0, ,0.0,0.0,0.0,0.0,0,0,0,0,0,0,0,0
TF,LCE23,51.329244,1.293039,0, ,0.0,0.0,0.0,0.0,1,9000,0,0,0,0,0,0
TF,RAVSA,51.474725,0.920478,2, ,0.0,0.0,0.0,0.0,1,6000,0,0,0,0,0,0
TF,GAPGI,51.479136,0.805831,0, ,0.0,0.0,0.0,0.0,1,6000,0,0,0,0,0,0
TF,ATPEV,51.488347,0.556317,0, ,0.0,0.0,0.0,0.0,0,0,0,0,0,0,0,0
TF,LCE07,51.491450,0.468803,0, ,0.0,0.0,0.0,0.0,1,4000,0,0,0,0,0,0
TF,OSVEV,51.430378,0.302386,0, ,0.0,0.0,0.0,0.0,1,3000,0,1,210,0,0,0
TF,LCS01,51.434269,0.185942,0, ,0.0,0.0,0.0,0.0,1,3000,0,1,185,0,0,0
TF,LCS02,51.438678,0.049758,0, ,0.0,0.0,0.0,0.0,1,2000,0,0,0,0,0,0
TF,TODBI,51.443431,-0.103272,0, ,0.0,0.0,0.0,0.0,1,2000,0,0,0,0,0,0
TF,ODLEG,51.490375,-0.121267,0, ,0.0,0.0,0.0,0.0,0,0,0,0,0,0,0,0
FM,ODLEG,51.490375,-0.121267,0,BIG,0.0,0.0,49.0,1,2000,0,1,185,0,0,0
CF,CF09,51.509631,-0.087292,0,ILST,273.9,5.8,94.0,1.7,1,2000,0,0,0,0,0,0

FINAL,L09,09,D,5
IF,CF09,51.509631,-0.087292,ILST,273.9,5.8,1,2000,0,0,0,0,0,0
CF,FF09,51.508344,-0.044922,0,ILST,273.9,4.2,94.0,1.6,1,2000,0,0,0,0,2,0
CF,25LOC,51.507606,-0.020944,0,ILST,273.9,3.3,94.0,0.9,2,1510,0,0,0,0,0,0
CF,10LOC,51.506364,0.019017,0,ILST,273.9,1.8,94.0,1.5,2,640,0,0,0,0,0,0
CF,ML09,51.505947,0.032336,0,ILST,273.9,1.3,94.0,0.5,1,344,0,0,0,0,3,0
FA,ML09,51.505947,0.032336,0,LON,0.0,0.0,94.0,2,2000,0,0,0,0,0,0
CF,D094F,51.500444,0.198100,0,LON,88.9,24.9,94.0,2.2,0,0,0,0,0,0,0,1
DF,LCY,51.504350,0.067503,1, ,0.0,0.0,1,2000,0,0,0,0,0,0

APPTR,L27,27,ALKIN
IF,ALKIN,51.390556,0.194722, ,0.0,0.0,0,0,0,0,0,0,0,0
TF,LCY,51.504350,0.067503,0, ,0.0,0.0,0.0,0.0,2,2300,0,0,0,0,1,0
HF,LCY,51.504350,0.067503,2, ,0.0,0.0,274.0,05.9,2,2000,0,0,0,0,0,0,0

APPTR,L27,27,LAV1G
IF,GODLU,51.166233,1.284517, ,0.0,0.0,1,10000,0,1,210,0,0,0
TF,ELMIV,51.342522,1.259267,0, ,0.0,0.0,0.0,0.0,0,0,0,0,0,0,0,0
TF,LCE11,51.417936,1.309669,0, ,0.0,0.0,0.0,0.0,0,0,0,0,0,0,0,0
TF,LCE12,51.499492,1.318522,0, ,0.0,0.0,0.0,0.0,0,0,0,0,0,0,0,0
TF,LCE13,51.578461,1.284664,0, ,0.0,0.0,0.0,0.0,1,10000,0,0,0,0,0,0
TF,RAVSA,51.474725,0.920478,1, ,0.0,0.0,0.0,0.0,1,6000,0,0,0,0,0,0
TF,GAPGI,51.479136,0.805831,0, ,0.0,0.0,0.0,0.0,1,6000,0,0,0,0,0,0
TF,ATPEV,51.488347,0.556317,0, ,0.0,0.0,0.0,0.0,0,0,0,0,0,0,0,0
TF,LCE07,51.491450,0.468803,0, ,0.0,0.0,0.0,0.0,1,4000,0,0,0,0,0,0
TF,TOPDU,51.496033,0.336061,0, ,0.0,0.0,0.0,0.0,0,0,0,1,210,0,0,0
CF,LAVNO,51.499761,0.224769,0,ILSR,93.9,6.9,274.0,4.2,1,3000,0,1,185,0,1,0

APPTR,L27,27,LAV1J
IF,JACKO,51.735833,1.426667, ,0.0,0.0,1,9000,0,1,210,0,0,0
TF,NONVA,51.646236,1.362308,0, ,0.0,0.0,0.0,0.0,0,0,0,0,0,0,0,0
TF,BABKU,51.588775,1.321175,0, ,0.0,0.0,0.0,0.0,0,0,0,0,0,0,0,0
TF,LCE21,51.501894,1.358353,0, ,0.0,0.0,0.0,0.0,0,0,0,0,0,0,0,0
TF,LCE22,51.412186,1.348536,0, ,0.0,0.0,0.0,0.0,0,0,0,0,0,0,0,0
TF,LCE23,51.329244,1.293039,0, ,0.0,0.0,0.0,0.0,1,9000,0,0,0,0,0,0
TF,RAVSA,51.474725,0.920478,2, ,0.0,0.0,0.0,0.0,1,6000,0,0,0,0,0,0
TF,GAPGI,51.479136,0.805831,0, ,0.0,0.0,0.0,0.0,1,6000,0,0,0,0,0,0
TF,ATPEV,51.488347,0.556317,0, ,0.0,0.0,0.0,0.0,0,0,0,0,0,0,0,0
TF,LCE07,51.491450,0.468803,0, ,0.0,0.0,0.0,0.0,1,4000,0,0,0,0,0,0
TF,TOPDU,51.496033,0.336061,0, ,0.0,0.0,0.0,0.0,0,0,0,1,210,0,0,0
CF,LAVNO,51.499761,0.224769,0,ILSR,93.9,6.9,274.0,4.2,1,3000,0,1,185,0,1,0

APPTR,L27,27,LCY
HF,LCY,51.504350,0.067503,2, ,0.0,0.0,274.0,05.9,2,2000,0,0,0,0,1,0,0

FINAL,L27,27,D,3
IF,LAVNO,51.499761,0.224769,ILSR,93.9,6.9,2,2000,0,0,0,0,0,0
CF,FF27,51.502019,0.155603,0,ILSR,93.9,4.3,274.0,2.6,2,2000,0,0,0,0,2,0
CF,LCY,51.504350,0.067503,0,ILSR,95.7,0.0,274.0,3.3,1,113,0,0,0,0,3,0
FA,LCY,51.504350,0.067503,0,LON,0.0,0.0,274.0,2,2000,0,0,0,0,0,0
CF,D274E,51.509806,-0.087425,0,LON,85.4,14.3,274.0,1.8,0,0,0,0,0,0,0,1
DF,LCY,51.504350,0.067503,2, ,0.0,0.0,1,2000,0,0,0,0,0,0

