SID,BPK5K,09L,2
CF,D114B,51.477467,-0.429753,0,LON,114.1,1.5,91.0,2.0,2,590,0,0,0,0,0,1
CI,0, ,0.0,51.0,0,0,0,0,0,0,0,0
CF,D072J,51.541169,-0.214133,0,LON,72.0,10.0,72.0,6.0,2,3000,0,0,0,0,0,1
CF,D196J,51.588931,-0.175897,0,BPK,196.0,10.0,16.0,3.0,2,4000,0,0,0,0,0,0
TF,D196F,51.653256,-0.148292,0, ,0.0,0.0,0.0,0.0,1,6000,0,0,0,0,0,0
TF,BAPAG,51.718056,-0.123333,0, ,0.0,0.0,0.0,0.0,0,0,0,0,0,0,0,0
TF,BPK,51.749736,-0.106736,0, ,0.0,0.0,0.0,0.0,1,6000,0,0,0,0,0,0

SID,BPK6J,09R,2
CF,D133B,51.464758,-0.427239,0,LON,133.5,2.0,91.0,2.0,2,590,0,0,0,0,0,1
CI,0, ,0.0,51.0,0,0,0,0,0,0,0,0
CF,D072J,51.541169,-0.214133,0,LON,72.0,10.0,72.0,4.0,2,3000,0,0,0,0,0,1
CF,D196J,51.588931,-0.175897,0,BPK,196.0,10.0,16.0,3.0,2,4000,0,0,0,0,0,0
TF,D196F,51.653256,-0.148292,0, ,0.0,0.0,0.0,0.0,1,6000,0,0,0,0,0,0
TF,BAPAG,51.718056,-0.123333,0, ,0.0,0.0,0.0,0.0,0,0,0,0,0,0,0,0
TF,BPK,51.749736,-0.106736,0, ,0.0,0.0,0.0,0.0,1,6000,0,0,0,0,0,0

SID,BPK7F,27R,2
CA,0,271.0,2,590,0,0,0,0,0,0
CI,0, ,0.0,271.0,0,0,0,0,0,0,0,0
CF,D270D,51.485864,-0.573139,0,LON,269.9,4.0,298.0,2.0,0,0,0,0,0,0,0,0
TF,D280F,51.502297,-0.624669,0, ,0.0,0.0,0.0,0.0,0,0,0,0,0,0,0,1
DF,D306H,51.564369,-0.643569,0, ,0.0,0.0,2,4000,0,0,0,0,0,0
TF,D327G,51.593508,-0.581672,0, ,0.0,0.0,0.0,0.0,2,5000,0,0,0,0,0,0
TF,CHT,51.623142,-0.518578,0, ,0.0,0.0,0.0,0.0,1,6000,0,0,0,0,0,0
TF,BPK,51.749736,-0.106736,0, ,0.0,0.0,0.0,0.0,1,6000,0,0,0,0,0,0

SID,BPK7G,27L,2
CI,0, ,0.0,271.0,2,590,0,0,0,0,0,0
CF,D259C,51.476767,-0.544656,0,LON,258.9,3.0,298.0,2.0,0,0,0,0,0,0,0,0
TF,D280F,51.502297,-0.624669,0, ,0.0,0.0,0.0,0.0,0,0,0,0,0,0,0,1
DF,D306H,51.564369,-0.643569,0, ,0.0,0.0,2,4000,0,0,0,0,0,0
TF,D327G,51.593508,-0.581672,0, ,0.0,0.0,0.0,0.0,2,5000,0,0,0,0,0,0
TF,CHT,51.623142,-0.518578,0, ,0.0,0.0,0.0,0.0,1,6000,0,0,0,0,0,0
TF,BPK,51.749736,-0.106736,0, ,0.0,0.0,0.0,0.0,1,6000,0,0,0,0,0,0

SID,BUZA3K,09L,2
CF,D114B,51.477467,-0.429753,0,LON,112.5,1.5,91.0,2.0,2,590,0,0,0,0,0,1
CI,0, ,0.0,51.0,0,0,0,0,0,0,0,0
CF,D072J,51.541169,-0.214133,0,LON,72.0,10.0,72.0,6.0,2,3000,0,0,0,0,0,1
CF,D330T,51.617036,-0.237647,1,LON,48.6,11.6,330.0,3.0,2,5000,0,0,0,0,0,0
TF,D330W,51.659903,-0.278811,0, ,0.0,0.0,0.0,0.0,1,6000,0,0,0,0,0,0
TF,BUZAD,51.942222,-0.552222,0, ,0.0,0.0,0.0,0.0,1,6000,0,0,0,0,0,0

SID,BUZA4J,09R,2
CF,D133B,51.464758,-0.427239,0,LON,131.9,2.0,91.0,2.0,2,590,0,0,0,0,0,1
CI,0, ,0.0,51.0,0,0,0,0,0,0,0,0
CF,D072J,51.541169,-0.214133,0,LON,72.0,10.0,72.0,4.0,2,3000,0,0,0,0,0,1
CF,D330T,51.617036,-0.237647,1,LON,48.6,11.6,330.0,3.0,2,5000,0,0,0,0,0,0
TF,D330W,51.659903,-0.278811,0, ,0.0,0.0,0.0,0.0,1,6000,0,0,0,0,0,0
TF,BUZAD,51.942222,-0.552222,0, ,0.0,0.0,0.0,0.0,1,6000,0,0,0,0,0,0

SID,CPT3F,27R,2
CI,0, ,0.0,271.0,2,590,0,0,0,0,0,0
CF,D257G,51.458917,-0.647522,0,LON,257.0,7.0,257.0,5.0,0,0,0,0,0,0,0,1
CF,D261K,51.455411,-0.755242,0,LON,261.1,11.0,269.0,4.0,2,3000,0,0,0,0,0,0
TF,WOD,51.452783,-0.878800,0, ,0.0,0.0,0.0,0.0,2,4000,0,0,0,0,0,0
TF,D101H,51.467817,-1.009842,0, ,0.0,0.0,0.0,0.0,1,6000,0,0,0,0,0,0
TF,CPT,51.491572,-1.219692,0, ,0.0,0.0,0.0,0.0,1,6000,0,0,0,0,0,0

SID,CPT3G,27L,2
CI,0, ,0.0,271.0,2,590,0,0,0,0,0,0
CF,D257G,51.458917,-0.647522,0,LON,257.0,7.0,257.0,2.0,0,0,0,0,0,0,0,1
CF,D261K,51.455411,-0.755242,0,LON,261.1,11.0,269.0,4.0,2,3000,0,0,0,0,0,0
TF,WOD,51.452783,-0.878800,0, ,0.0,0.0,0.0,0.0,2,4000,0,0,0,0,0,0
TF,D101H,51.467817,-1.009842,0, ,0.0,0.0,0.0,0.0,1,6000,0,0,0,0,0,0
TF,CPT,51.491572,-1.219692,0, ,0.0,0.0,0.0,0.0,1,6000,0,0,0,0,0,0

SID,CPT4K,09L,2
CF,D114B,51.477467,-0.429753,0,LON,112.5,1.5,91.0,2.0,2,590,0,0,0,0,0,1
CF,D256K,51.438403,-0.748961,2,LON,255.6,11.0,282.0,12.0,2,3000,0,0,0,0,0,0
TF,WOD,51.452783,-0.878800,0, ,0.0,0.0,0.0,0.0,2,4000,0,0,0,0,0,0
TF,D101H,51.467817,-1.009842,0, ,0.0,0.0,0.0,0.0,1,6000,0,0,0,0,0,0
TF,CPT,51.491572,-1.219692,0, ,0.0,0.0,0.0,0.0,1,6000,0,0,0,0,0,0

SID,CPT5J,09R,2
CF,D133B,51.464758,-0.427239,0,LON,131.9,2.0,91.0,2.0,2,590,0,0,0,0,0,1
CF,D256K,51.438403,-0.748961,2,LON,255.6,11.0,282.0,12.0,2,3000,0,0,0,0,0,0
TF,WOD,51.452783,-0.878800,0, ,0.0,0.0,0.0,0.0,2,4000,0,0,0,0,0,0
TF,D101H,51.467817,-1.009842,0, ,0.0,0.0,0.0,0.0,1,6000,0,0,0,0,0,0
TF,CPT,51.491572,-1.219692,0, ,0.0,0.0,0.0,0.0,1,6000,0,0,0,0,0,0

SID,DET1J,09R,2
CF,D133B,51.464758,-0.427239,0,LON,131.9,2.0,91.0,2.0,2,590,0,0,0,0,0,1
CD, ,0,0,0,LON,0,0.0,121.0,4.0,0,0,0,0,0,0,0,0
DF,DET34,51.428006,-0.284914,0, ,0.0,0.0,0,0,0,0,0,0,0,0
TF,DET29,51.410186,-0.154883,0, ,0.0,0.0,0.0,0.0,2,3000,0,0,0,0,0,0
TF,D284T,51.377750,0.078914,0, ,0.0,0.0,0.0,0.0,2,5000,0,0,0,0,0,0
TF,D284P,51.363183,0.182719,0, ,0.0,0.0,0.0,0.0,1,6000,0,0,0,0,0,0
TF,D284E,51.322653,0.467839,0, ,0.0,0.0,0.0,0.0,1,6000,0,0,0,0,0,0
TF,DET,51.304003,0.597275,0, ,0.0,0.0,0.0,0.0,1,6000,0,0,0,0,0,0

SID,DET1K,09L,2
CF,D114B,51.477467,-0.429753,0,LON,112.5,1.5,91.0,2.0,2,590,0,0,0,0,0,1
CD, ,0,0,0,LON,0,0.0,122.0,4.0,0,0,0,0,0,0,0,0
DF,DET34,51.428006,-0.284914,0, ,0.0,0.0,0,0,0,0,0,0,0,0
TF,DET29,51.410186,-0.154883,0, ,0.0,0.0,0.0,0.0,2,3000,0,0,0,0,0,0
TF,D284T,51.377750,0.078914,0, ,0.0,0.0,0.0,0.0,2,5000,0,0,0,0,0,0
TF,D284P,51.363183,0.182719,0, ,0.0,0.0,0.0,0.0,1,6000,0,0,0,0,0,0
TF,D284E,51.322653,0.467839,0, ,0.0,0.0,0.0,0.0,1,6000,0,0,0,0,0,0
TF,DET,51.304003,0.597275,0, ,0.0,0.0,0.0,0.0,1,6000,0,0,0,0,0,0

SID,DET2F,27R,2
CF,D254B,51.477644,-0.517503,0,LON,252.5,2.0,271.0,3.0,2,590,0,0,0,0,0,1
CF,D163J,51.328544,-0.385819,1,LON,163.3,10.0,137.0,9.0,0,0,0,0,0,0,0,1
TF,EPM,51.319567,-0.371978,0, ,0.0,0.0,0.0,0.0,2,4000,0,0,0,0,0,0
TF,DET32,51.318078,-0.252381,0, ,0.0,0.0,0.0,0.0,2,5000,0,0,0,0,0,0
TF,D272H,51.317022,-0.172703,0, ,0.0,0.0,0.0,0.0,1,6000,0,0,0,0,0,0
TF,D272E,51.306608,0.464550,0, ,0.0,0.0,0.0,0.0,1,6000,0,0,0,0,0,0
TF,DET,51.304003,0.597275,0, ,0.0,0.0,0.0,0.0,1,6000,0,0,0,0,0,0

SID,DET2G,27L,2
CF,D271A,51.464928,-0.509131,0,LON,230.1,2.1,271.0,2.0,2,590,0,0,0,0,0,1
CF,D163J,51.328544,-0.385819,1,LON,163.3,10.0,137.0,8.0,0,0,0,0,0,0,0,1
TF,EPM,51.319567,-0.371978,0, ,0.0,0.0,0.0,0.0,2,4000,0,0,0,0,0,0
TF,DET32,51.318078,-0.252381,0, ,0.0,0.0,0.0,0.0,2,5000,0,0,0,0,0,0
TF,D272H,51.317022,-0.172703,0, ,0.0,0.0,0.0,0.0,1,6000,0,0,0,0,0,0
TF,D272E,51.306608,0.464550,0, ,0.0,0.0,0.0,0.0,1,6000,0,0,0,0,0,0
TF,DET,51.304003,0.597275,0, ,0.0,0.0,0.0,0.0,1,6000,0,0,0,0,0,0

SID,GASG1J,09R,2
CF,D133B,51.464758,-0.427239,0,LON,133.5,2.0,91.0,2.0,2,590,0,0,0,0,0,1
CF,D126E,51.439456,-0.357444,0,LON,126.0,5.0,126.0,3.0,0,0,0,0,0,0,0,1
CF,D043B,51.329783,-0.411622,2,OCK,43.0,2.0,223.0,5.0,2,3000,0,0,0,0,0,1
CF,D254C,51.290586,-0.523431,0,OCK,254.2,3.0,254.0,4.0,2,4000,0,0,0,0,0,0
TF,D254G,51.271231,-0.625019,0, ,0.0,0.0,0.0,0.0,2,5000,0,0,0,0,0,0
FD,D254G,51.271231,-0.625019,0,OCK,254.2,11.0,254.0,11.0,1,6000,0,0,0,0,0,0
CF,GASGU,51.206667,-0.960000,0,OCK,254.2,20.2,254.0,9.0,1,6000,0,0,0,0,0,0

SID,GASG1K,09L,2
CF,D114B,51.477467,-0.429753,0,LON,114.1,1.5,91.0,2.0,2,590,0,0,0,0,0,1
CF,D126E,51.439456,-0.357444,0,LON,126.0,5.0,126.0,3.0,0,0,0,0,0,0,0,1
CF,D043B,51.329783,-0.411622,2,OCK,43.0,2.0,223.0,5.0,2,3000,0,0,0,0,0,1
CF,D254C,51.290586,-0.523431,0,OCK,254.2,3.0,254.0,4.0,2,4000,0,0,0,0,0,0
TF,D254G,51.271231,-0.625019,0, ,0.0,0.0,0.0,0.0,2,5000,0,0,0,0,0,0
FD,D254G,51.271231,-0.625019,0,OCK,254.2,11.0,254.0,11.0,1,6000,0,0,0,0,0,0
CF,GASGU,51.206667,-0.960000,0,OCK,254.2,20.2,254.0,9.0,1,6000,0,0,0,0,0,0

SID,GOGS1F,27R,2
CI,0, ,0.0,271.0,2,590,0,0,0,0,0,0
CF,D257G,51.458917,-0.647522,0,LON,257.0,7.0,257.0,5.0,0,0,0,0,0,0,0,1
FD,D257G,51.458917,-0.647522,0,LON,257.0,12.0,269.0,12.0,2,3000,0,0,0,0,0,0
CF,D262M,51.454289,-0.808767,0,LON,262.4,13.0,269.0,1.0,0,0,0,0,0,0,0,1
CF,D260O,51.440311,-0.859083,0,SAM,33.0,34.4,213.0,1.0,2,4000,0,0,0,0,0,0
FD,D260O,51.440311,-0.859083,0,SAM,33.0,27.0,213.0,27.0,2,5500,0,0,0,0,0,0
CF,GOGSI,51.290833,-1.000556,0,SAM,33.7,24.0,213.0,3.0,1,6000,0,0,0,0,0,0

SID,GOGS1G,27L,2
CI,0, ,0.0,271.0,2,590,0,0,0,0,0,0
CF,D257G,51.458917,-0.647522,0,LON,257.0,7.0,257.0,2.0,0,0,0,0,0,0,0,1
FD,D257G,51.458917,-0.647522,0,LON,257.0,12.0,269.0,12.0,2,3000,0,0,0,0,0,0
CF,D262M,51.454289,-0.808767,0,LON,262.4,13.0,269.0,1.0,0,0,0,0,0,0,0,1
CF,D260O,51.440311,-0.859083,0,SAM,33.0,34.4,213.0,1.0,2,4000,0,0,0,0,0,0
FD,D260O,51.440311,-0.859083,0,SAM,33.0,27.0,213.0,27.0,2,5500,0,0,0,0,0,0
CF,GOGSI,51.290833,-1.000556,0,SAM,33.7,24.0,213.0,3.0,1,6000,0,0,0,0,0,0

SID,MAY2G,27L,2
CF,D271A,51.464928,-0.509131,0,LON,231.0,2.1,271.0,2.0,2,590,0,0,0,0,0,1
CF,D163J,51.328544,-0.385819,1,LON,163.3,10.0,137.0,7.0,0,0,0,0,0,0,0,1
TF,EPM,51.319567,-0.371978,0, ,0.0,0.0,0.0,0.0,1,5000,0,0,0,0,0,0
TF,MAY,51.017183,0.116122,0, ,0.0,0.0,0.0,0.0,1,5000,0,1,220,0,0,0

SID,MAY2J,09R,2
CF,D133B,51.464758,-0.427239,0,LON,133.5,2.0,91.0,2.0,2,590,0,0,0,0,0,1
CF,D126D,51.453803,-0.390150,0,LON,126.0,3.5,126.0,1.0,0,0,0,0,0,0,0,1
VI,0, ,0.0,162.0,0,0,0,0,0,0,0,0
CF,D027T,51.356156,-0.402803,0,MID,25.7,20.0,207.0,5.0,1,5000,0,0,0,0,0,1
CF,MAY,51.017183,0.116122,0,MAY,0.0,0.0,135.0,28.0,1,5000,0,1,220,0,0,0

SID,MAY2K,09L,2
CF,D114B,51.477467,-0.429753,0,LON,114.1,1.5,91.0,2.0,2,590,0,0,0,0,0,1
CF,D126D,51.453803,-0.390150,0,LON,126.0,3.5,126.0,1.0,0,0,0,0,0,0,0,1
VI,0, ,0.0,162.0,0,0,0,0,0,0,0,0
CF,D027T,51.356156,-0.402803,0,MID,25.7,20.0,207.0,5.0,1,5000,0,0,0,0,0,1
CF,MAY,51.017183,0.116122,0,MAY,0.0,0.0,135.0,28.0,1,5000,0,1,220,0,0,0

SID,MAY3F,27R,2
CF,D254B,51.477644,-0.517503,0,LON,254.2,2.0,271.0,3.0,2,590,0,0,0,0,0,1
CF,D163J,51.328544,-0.385819,1,LON,163.3,10.0,137.0,8.0,0,0,0,0,0,0,0,1
TF,EPM,51.319567,-0.371978,0, ,0.0,0.0,0.0,0.0,1,5000,0,0,0,0,0,0
TF,MAY,51.017183,0.116122,0, ,0.0,0.0,0.0,0.0,1,5000,0,1,220,0,0,0

SID,MID3G,27L,2
CI,0, ,0.0,271.0,2,590,0,0,0,0,0,0
CF,D241F,51.441400,-0.593411,0,LON,241.0,5.5,241.0,3.0,0,0,0,0,0,0,0,1
CF,D162I,51.382581,-0.598128,0,LON,219.2,8.0,162.0,3.0,2,3000,0,0,0,0,0,0
TF,D162N,51.293842,-0.546794,0, ,0.0,0.0,0.0,0.0,2,4000,0,0,0,0,0,1
CF,D012J,51.217356,-0.574425,0,MID,12.0,10.0,192.0,5.0,2,5000,0,0,0,0,0,0
TF,MID,51.053953,-0.625003,0, ,0.0,0.0,0.0,0.0,1,6000,0,0,0,0,0,0

SID,MID3J,09R,2
CF,D133B,51.464758,-0.427239,0,LON,131.9,2.0,91.0,2.0,2,590,0,0,0,0,0,1
CF,D126D,51.453803,-0.390150,0,LON,126.0,3.5,126.0,1.0,0,0,0,0,0,0,0,1
VI,0, ,0.0,162.0,0,0,0,0,0,0,0,0
CF,D027S,51.338025,-0.403644,0,MID,27.0,19.0,207.0,7.0,2,3000,0,0,0,0,0,0
TF,D027O,51.278256,-0.450469,0, ,0.0,0.0,0.0,0.0,2,4000,0,0,0,0,0,0
TF,D027L,51.233417,-0.485511,0, ,0.0,0.0,0.0,0.0,2,5000,0,0,0,0,0,0
TF,D027H,51.173614,-0.532128,0, ,0.0,0.0,0.0,0.0,1,6000,0,0,0,0,0,0
TF,MID,51.053953,-0.625003,0, ,0.0,0.0,0.0,0.0,1,6000,0,0,0,0,0,0

SID,MID3K,09L,2
CF,D114B,51.477467,-0.429753,0,LON,112.5,1.5,91.0,2.0,2,590,0,0,0,0,0,1
CF,D126D,51.453803,-0.390150,0,LON,126.0,3.5,126.0,1.0,0,0,0,0,0,0,0,1
VI,0, ,0.0,162.0,0,0,0,0,0,0,0,0
CF,D027S,51.338025,-0.403644,0,MID,27.0,19.0,207.0,7.0,2,3000,0,0,0,0,0,0
TF,D027O,51.278256,-0.450469,0, ,0.0,0.0,0.0,0.0,2,4000,0,0,0,0,0,0
TF,D027L,51.233417,-0.485511,0, ,0.0,0.0,0.0,0.0,2,5000,0,0,0,0,0,0
TF,D027H,51.173614,-0.532128,0, ,0.0,0.0,0.0,0.0,1,6000,0,0,0,0,0,0
TF,MID,51.053953,-0.625003,0, ,0.0,0.0,0.0,0.0,1,6000,0,0,0,0,0,0

SID,MID4F,27R,2
CI,0, ,0.0,271.0,2,590,0,0,0,0,0,0
CF,D257E,51.467039,-0.595836,0,LON,257.0,5.0,257.0,3.0,0,0,0,0,0,0,0,1
CF,D162I,51.382581,-0.598128,1,LON,219.2,8.0,162.0,4.0,2,3000,0,0,0,0,0,0
TF,D162N,51.293842,-0.546794,0, ,0.0,0.0,0.0,0.0,2,4000,0,0,0,0,0,1
CF,D012J,51.217356,-0.574425,0,MID,12.0,10.0,192.0,5.0,2,5000,0,0,0,0,0,0
TF,MID,51.053953,-0.625003,0, ,0.0,0.0,0.0,0.0,1,6000,0,0,0,0,0,0

SID,WOBU3F,27R,2
CA,0,271.0,2,590,0,0,0,0,0,0
CI,0, ,0.0,271.0,0,0,0,0,0,0,0,0
CF,D270D,51.485864,-0.573139,0,LON,269.9,4.0,298.0,2.0,0,0,0,0,0,0,0,0
TF,D282G,51.510164,-0.649381,0, ,0.0,0.0,0.0,0.0,0,0,0,0,0,0,0,0
TF,BUR,51.519011,-0.677192,0, ,0.0,0.0,0.0,0.0,2,3000,0,0,0,0,0,0
TF,D357D,51.581692,-0.686269,0, ,0.0,0.0,0.0,0.0,2,4000,0,0,0,0,0,0
TF,D323N,51.669908,-0.698700,0, ,0.0,0.0,0.0,0.0,1,6000,0,0,0,0,0,0
TF,WOBUN,52.019444,-0.733333,0, ,0.0,0.0,0.0,0.0,1,6000,0,0,0,0,0,0

SID,WOBU3G,27L,2
CI,0, ,0.0,271.0,2,590,0,0,0,0,0,0
CF,D259C,51.476767,-0.544656,0,LON,258.9,3.0,298.0,2.0,0,0,0,0,0,0,0,0
TF,D282G,51.510164,-0.649381,0, ,0.0,0.0,0.0,0.0,0,0,0,0,0,0,0,0
TF,BUR,51.519011,-0.677192,0, ,0.0,0.0,0.0,0.0,2,3000,0,0,0,0,0,0
TF,D357D,51.581692,-0.686269,0, ,0.0,0.0,0.0,0.0,2,4000,0,0,0,0,0,0
TF,D323N,51.669908,-0.698700,0, ,0.0,0.0,0.0,0.0,1,6000,0,0,0,0,0,0
TF,WOBUN,52.019444,-0.733333,0, ,0.0,0.0,0.0,0.0,1,6000,0,0,0,0,0,0

STAR,BIG1E,ALL,2
IF,LOGAN,51.747589,1.611828, ,0.0,0.0,0,0,0,0,0,0,0,0
TF,KOPUL,51.542156,1.137178,0, ,0.0,0.0,0.0,0.0,0,0,0,0,0,0,0,0
TF,TANET,51.449444,0.925556,0, ,0.0,0.0,0.0,0.0,0,0,0,0,0,0,0,0
TF,DET,51.304003,0.597275,0, ,0.0,0.0,0.0,0.0,0,0,0,0,0,0,0,0
TF,D095L,51.316019,0.352744,0, ,0.0,0.0,0.0,0.0,0,0,0,1,250,0,0,0
TF,BIG,51.330875,0.034811,0, ,0.0,0.0,0.0,0.0,0,0,0,0,0,0,0,0

STAR,BIG1F,ALL,2
IF,SANDY,51.064167,1.067500, ,0.0,0.0,0,0,0,0,0,0,0,0
TF,D112L,51.255856,0.330100,0, ,0.0,0.0,0.0,0.0,0,0,0,1,250,0,0,0
TF,BIG,51.330875,0.034811,0, ,0.0,0.0,0.0,0.0,0,0,0,0,0,0,0,0

STAR,BIG1G,ALL,2
IF,OCK,51.305047,-0.447183, ,0.0,0.0,0,0,0,0,0,0,0,0
TF,DORKI,51.275833,-0.264444,0, ,0.0,0.0,0.0,0.0,0,0,0,1,250,0,0,0
TF,HILLY,51.335000,0.243611,0, ,0.0,0.0,0.0,0.0,0,0,0,0,0,0,0,1
CF,BIG,51.330875,0.034811,2,BIG,0.0,0.0,303.0,8.0,0,0,0,0,0,0,0,0

STAR,BIG3C,ALL,2
IF,DVR,51.162622,1.359089, ,0.0,0.0,0,0,0,0,0,0,0,0
TF,LYD,50.999686,0.878661,0, ,0.0,0.0,0.0,0.0,0,0,0,0,0,0,0,0
TF,TIGER,51.067222,0.439444,0, ,0.0,0.0,0.0,0.0,0,0,0,0,0,0,0,0
TF,D136L,51.187244,0.256081,0, ,0.0,0.0,0.0,0.0,0,0,0,1,250,0,0,0
TF,BIG,51.330875,0.034811,0, ,0.0,0.0,0.0,0.0,0,0,0,0,0,0,0,0

STAR,BIG3D,ALL,2
IF,LAM,51.646025,0.151703, ,0.0,0.0,0,0,0,0,0,0,0,0
TF,HILLY,51.335000,0.243611,0, ,0.0,0.0,0.0,0.0,0,0,0,0,0,0,0,1
CF,BIG,51.330875,0.034811,2,BIG,0.0,0.0,303.0,6.0,0,0,0,0,0,0,0,0

STAR,BIG4B,ALL,2
IF,ALESO,50.575556,1.225556, ,0.0,0.0,0,0,0,0,0,0,0,0
TF,ROTNO,50.857222,0.778056,0, ,0.0,0.0,0.0,0.0,0,0,0,0,0,0,0,0
TF,ETVAX,50.968608,0.598964,0, ,0.0,0.0,0.0,0.0,1,18000,0,0,0,0,0,0
TF,TIGER,51.067222,0.439444,0, ,0.0,0.0,0.0,0.0,0,0,0,0,0,0,0,0
TF,D136L,51.187244,0.256081,0, ,0.0,0.0,0.0,0.0,0,0,0,1,250,0,0,0
TF,BIG,51.330875,0.034811,0, ,0.0,0.0,0.0,0.0,0,0,0,0,0,0,0,0

STAR,BNN1B,ALL,2
IF,NUGRA,53.029444,-2.303889, ,0.0,0.0,0,0,0,0,0,0,0,0
TF,TOBID,52.216667,-1.466389,0, ,0.0,0.0,0.0,0.0,1,20000,0,0,0,0,0,0
TF,SOPIT,51.958333,-1.107222,0, ,0.0,0.0,0.0,0.0,1,15000,0,0,0,0,0,0
TF,WCO,51.852919,-0.962408,0, ,0.0,0.0,0.0,0.0,0,0,0,1,250,0,0,0
TF,BNN,51.726164,-0.549750,0, ,0.0,0.0,0.0,0.0,0,0,0,0,0,0,0,0

STAR,BNN1C,ALL,2
IF,DTY,52.180142,-1.113789, ,0.0,0.0,0,0,0,0,0,0,0,0
TF,WCO,51.852919,-0.962408,0, ,0.0,0.0,0.0,0.0,0,0,0,1,250,0,0,0
TF,BNN,51.726164,-0.549750,0, ,0.0,0.0,0.0,0.0,0,0,0,0,0,0,0,0

STAR,BNN1D,ALL,2
IF,KENET,51.520556,-1.455000, ,0.0,0.0,0,0,0,0,0,0,0,0
TF,D252L,51.658431,-0.852111,0, ,0.0,0.0,0.0,0.0,0,0,0,1,250,0,0,0
TF,BNN,51.726164,-0.549750,0, ,0.0,0.0,0.0,0.0,0,0,0,0,0,0,0,0

STAR,BNN1E,ALL,2
IF,LAM,51.646025,0.151703, ,0.0,0.0,0,0,0,0,0,0,0,0
TF,DONNA,51.700000,-0.743611,0, ,0.0,0.0,0.0,0.0,0,0,0,0,0,0,0,1
CF,BNN,51.726164,-0.549750,2,BNN,0.0,0.0,118.0,7.0,0,0,0,0,0,0,0,0

STAR,BNN4A,ALL,2
IF,HON,52.356678,-1.663725, ,0.0,0.0,0,0,0,0,0,0,0,0
TF,TOBID,52.216667,-1.466389,0, ,0.0,0.0,0.0,0.0,0,0,0,0,0,0,0,0
TF,SOPIT,51.958333,-1.107222,0, ,0.0,0.0,0.0,0.0,1,15000,0,0,0,0,0,0
TF,WCO,51.852919,-0.962408,0, ,0.0,0.0,0.0,0.0,0,0,0,1,250,0,0,0
TF,BNN,51.726164,-0.549750,0, ,0.0,0.0,0.0,0.0,0,0,0,0,0,0,0,0

STAR,BOVA1B,ALL,2
IF,NUGRA,53.029444,-2.303889, ,0.0,0.0,0,0,0,0,0,0,0,0
TF,TOBID,52.216667,-1.466389,0, ,0.0,0.0,0.0,0.0,1,20000,0,0,0,0,0,0
TF,SOPIT,51.958333,-1.107222,0, ,0.0,0.0,0.0,0.0,1,15000,0,0,0,0,0,0
TF,WCO,51.852919,-0.962408,0, ,0.0,0.0,0.0,0.0,0,0,0,0,0,0,0,0
TF,BOVVA,51.726111,-0.549722,0, ,0.0,0.0,0.0,0.0,0,0,0,0,0,0,0,0

STAR,BOVA1C,ALL,2
IF,DTY,52.180142,-1.113789, ,0.0,0.0,0,0,0,0,0,0,0,0
TF,WCO,51.852919,-0.962408,0, ,0.0,0.0,0.0,0.0,0,0,0,0,0,0,0,0
TF,BOVVA,51.726111,-0.549722,0, ,0.0,0.0,0.0,0.0,0,0,0,0,0,0,0,0

STAR,BOVA1D,ALL,2
IF,KENET,51.520556,-1.455000, ,0.0,0.0,0,0,0,0,0,0,0,0
TF,BOVVA,51.726111,-0.549722,0, ,0.0,0.0,0.0,0.0,0,0,0,0,0,0,0,0

STAR,BOVA1E,ALL,2
IF,LAM,51.646025,0.151703, ,0.0,0.0,0,0,0,0,0,0,0,0
TF,DONNA,51.700000,-0.743611,0, ,0.0,0.0,0.0,0.0,0,0,0,0,0,0,0,0
VI,2, ,0.0,93.0,0,0,0,0,0,0,0,0
CF,BOVVA,51.726111,-0.549722,0,LAM,280.7,26.6,138.0,4.0,0,0,0,0,0,0,0,0

STAR,BOVA4A,ALL,2
IF,HON,52.356678,-1.663725, ,0.0,0.0,0,0,0,0,0,0,0,0
TF,TOBID,52.216667,-1.466389,0, ,0.0,0.0,0.0,0.0,0,0,0,0,0,0,0,0
TF,SOPIT,51.958333,-1.107222,0, ,0.0,0.0,0.0,0.0,1,15000,0,0,0,0,0,0
TF,WCO,51.852919,-0.962408,0, ,0.0,0.0,0.0,0.0,0,0,0,0,0,0,0,0
TF,BOVVA,51.726111,-0.549722,0, ,0.0,0.0,0.0,0.0,0,0,0,0,0,0,0,0

STAR,LAM3A,ALL,2
IF,LOGAN,51.747589,1.611828, ,0.0,0.0,1,25000,0,0,0,0,0,0
TF,TRIPO,51.713056,1.082778,0, ,0.0,0.0,0.0,0.0,0,0,0,0,0,0,0,0
TF,SABER,51.703822,0.949497,0, ,0.0,0.0,0.0,0.0,1,16000,0,0,0,0,0,0
TF,BRASO,51.685278,0.683333,0, ,0.0,0.0,0.0,0.0,0,0,0,0,0,0,0,0
TF,D083L,51.669864,0.470564,0, ,0.0,0.0,0.0,0.0,0,0,0,1,250,0,0,0
TF,LAM,51.646025,0.151703,0, ,0.0,0.0,0.0,0.0,0,0,0,0,0,0,0,0

STAR,OCK1A,ALL,2
IF,KENET,51.520556,-1.455000, ,0.0,0.0,2,14000,0,0,0,0,0,0
TF,D290L,51.370589,-0.748444,0, ,0.0,0.0,0.0,0.0,0,0,0,1,250,0,0,0
TF,OCK,51.305047,-0.447183,0, ,0.0,0.0,0.0,0.0,0,0,0,0,0,0,0,0

STAR,OCK1D,ALL,2
IF,HON,52.356678,-1.663725, ,0.0,0.0,0,0,0,0,0,0,0,0
TF,WOD,51.452783,-0.878800,0, ,0.0,0.0,0.0,0.0,0,0,0,0,0,0,0,0
TF,D300L,51.401083,-0.726917,0, ,0.0,0.0,0.0,0.0,0,0,0,1,250,0,0,0
TF,OCK,51.305047,-0.447183,0, ,0.0,0.0,0.0,0.0,0,0,0,0,0,0,0,0

STAR,OCK1G,ALL,2
IF,BIG,51.330875,0.034811, ,0.0,0.0,0,0,0,0,0,0,0,0
TF,DORKI,51.275833,-0.264444,0, ,0.0,0.0,0.0,0.0,0,0,0,0,0,0,0,0
TF,OCK,51.305047,-0.447183,0, ,0.0,0.0,0.0,0.0,0,0,0,0,0,0,0,0

STAR,OCK1H,ALL,2
IF,LAM,51.646025,0.151703, ,0.0,0.0,0,0,0,0,0,0,0,0
TF,DORKI,51.275833,-0.264444,0, ,0.0,0.0,0.0,0.0,0,0,0,0,0,0,0,0
TF,OCK,51.305047,-0.447183,0, ,0.0,0.0,0.0,0.0,0,0,0,0,0,0,0,0

STAR,OCK2C,ALL,2
IF,SAM,50.955250,-1.345056, ,0.0,0.0,0,0,0,0,0,0,0,0
TF,HAZEL,51.005278,-0.984444,0, ,0.0,0.0,0.0,0.0,1,13000,0,0,0,0,0,0
TF,D229L,51.172772,-0.685656,0, ,0.0,0.0,0.0,0.0,0,0,0,1,250,0,0,0
TF,OCK,51.305047,-0.447183,0, ,0.0,0.0,0.0,0.0,0,0,0,0,0,0,0,0

STAR,OCK2F,ALL,2
IF,BEDEK,51.370833,-1.558611, ,0.0,0.0,1,14000,0,0,0,0,0,0
TF,NIGIT,51.313056,-1.170833,0, ,0.0,0.0,0.0,0.0,0,0,0,0,0,0,0,0
TF,D272L,51.309122,-0.765819,0, ,0.0,0.0,0.0,0.0,0,0,0,1,250,0,0,0
TF,OCK,51.305047,-0.447183,0, ,0.0,0.0,0.0,0.0,0,0,0,0,0,0,0,0

STAR,OCK3E,ALL,2
IF,BILNI,50.675278,-2.125833, ,0.0,0.0,0,0,0,0,0,0,0,0
TF,KUMIL,50.575278,-1.610833,0, ,0.0,0.0,0.0,0.0,1,21000,0,0,0,0,0,0
TF,ELDER,50.663333,-1.337222,0, ,0.0,0.0,0.0,0.0,0,0,0,0,0,0,0,0
TF,HAZEL,51.005278,-0.984444,0, ,0.0,0.0,0.0,0.0,1,13000,0,0,0,0,0,0
TF,D229L,51.172772,-0.685656,0, ,0.0,0.0,0.0,0.0,0,0,0,1,250,0,0,0
TF,OCK,51.305047,-0.447183,0, ,0.0,0.0,0.0,0.0,0,0,0,0,0,0,0,0

STAR,OCK4B,ALL,2
IF,DOMUT,50.261944,-1.669167, ,0.0,0.0,0,0,0,0,0,0,0,0
TF,KATHY,50.520556,-1.333333,0, ,0.0,0.0,0.0,0.0,0,0,0,0,0,0,0,0
TF,HAZEL,51.005278,-0.984444,0, ,0.0,0.0,0.0,0.0,1,13000,0,0,0,0,0,0
TF,D229L,51.172772,-0.685656,0, ,0.0,0.0,0.0,0.0,0,0,0,1,250,0,0,0
TF,OCK,51.305047,-0.447183,0, ,0.0,0.0,0.0,0.0,0,0,0,0,0,0,0,0

STAR,OTME1H,ALL,5
IF,OTMET,50.681961,-2.514825, ,0.0,0.0,1,27000,0,0,0,0,0,0
TF,SOKDU,50.660894,-2.025850,0, ,0.0,0.0,0.0,0.0,0,0,0,0,0,0,0,0
TF,NEDUL,50.666111,-1.547778,0, ,0.0,0.0,0.0,0.0,1,21000,0,0,0,0,0,0
TF,BEGTO,50.762500,-1.235556,0, ,0.0,0.0,0.0,0.0,0,0,0,0,0,0,0,0
TF,HAZEL,51.005278,-0.984444,0, ,0.0,0.0,0.0,0.0,1,13000,0,0,0,0,0,0
TF,LLS01,51.172775,-0.685675,0, ,0.0,0.0,0.0,0.0,0,0,0,1,250,0,0,0
TF,OCK,51.305047,-0.447183,0, ,0.0,0.0,0.0,0.0,1,7000,0,1,220,0,0,0

STAR,ROXO1H,ALL,5
IF,ROXOG,50.266192,-1.562336, ,0.0,0.0,0,0,0,0,0,0,0,0
TF,AMTOD,50.537692,-1.429017,0, ,0.0,0.0,0.0,0.0,0,0,0,0,0,0,0,0
TF,BEGTO,50.762500,-1.235556,0, ,0.0,0.0,0.0,0.0,0,0,0,0,0,0,0,0
TF,HAZEL,51.005278,-0.984444,0, ,0.0,0.0,0.0,0.0,1,13000,0,0,0,0,0,0
TF,LLS01,51.172775,-0.685675,0, ,0.0,0.0,0.0,0.0,0,0,0,1,250,0,0,0
TF,OCK,51.305047,-0.447183,0, ,0.0,0.0,0.0,0.0,1,7000,0,1,220,0,0,0

STAR,TAWN3A,ALL,2
IF,LOGAN,51.747589,1.611828, ,0.0,0.0,1,24000,0,0,0,0,0,0
TF,TRIPO,51.713056,1.082778,0, ,0.0,0.0,0.0,0.0,0,0,0,0,0,0,0,0
TF,SABER,51.703822,0.949497,0, ,0.0,0.0,0.0,0.0,1,16000,0,0,0,0,0,0
TF,BRASO,51.685278,0.683333,0, ,0.0,0.0,0.0,0.0,0,0,0,0,0,0,0,0
TF,D083L,51.669864,0.470564,0, ,0.0,0.0,0.0,0.0,0,0,0,1,250,0,0,0
TF,TAWNY,51.646111,0.151667,0, ,0.0,0.0,0.0,0.0,0,0,0,0,0,0,0,0

STAR,TOMO1A,ALL,2
IF,KENET,51.520556,-1.455000, ,0.0,0.0,0,0,0,0,0,0,0,0
TF,D282F,51.511378,-1.380042,0, ,0.0,0.0,0.0,0.0,2,14000,0,0,0,0,0,0
TF,CPT,51.491572,-1.219692,0, ,0.0,0.0,0.0,0.0,0,0,0,0,0,0,0,0
TF,TOMMO,51.314444,-0.362778,0, ,0.0,0.0,0.0,0.0,0,0,0,0,0,0,0,0

STAR,TOMO1D,ALL,2
IF,HON,52.356678,-1.663725, ,0.0,0.0,0,0,0,0,0,0,0,0
TF,WOD,51.452783,-0.878800,0, ,0.0,0.0,0.0,0.0,0,0,0,0,0,0,0,0
CI,0, ,0.0,154.0,0,0,0,0,0,0,0,0
CF,TOMMO,51.314444,-0.362778,0,LON,160.4,11.1,109.0,20.0,0,0,0,0,0,0,0,0

STAR,TOMO1G,ALL,2
IF,BIG,51.330875,0.034811, ,0.0,0.0,0,0,0,0,0,0,0,0
TF,HOGBA,51.228056,-0.495278,0, ,0.0,0.0,0.0,0.0,0,0,0,0,0,0,0,1
CF,TOMMO,51.314444,-0.362778,2,BIG,267.4,15.0,87.0,7.0,0,0,0,0,0,0,0,0

STAR,TOMO1H,ALL,2
IF,LAM,51.646025,0.151703, ,0.0,0.0,0,0,0,0,0,0,0,0
TF,HOGBA,51.228056,-0.495278,0, ,0.0,0.0,0.0,0.0,0,0,0,0,0,0,0,0
VI,2, ,0.0,42.0,0,0,0,0,0,0,0,0
CF,TOMMO,51.314444,-0.362778,0,BIG,267.4,15.0,87.0,7.0,0,0,0,0,0,0,0,0

STAR,TOMO2C,ALL,2
IF,SAM,50.955250,-1.345056, ,0.0,0.0,0,0,0,0,0,0,0,0
TF,HAZEL,51.005278,-0.984444,0, ,0.0,0.0,0.0,0.0,1,13000,0,0,0,0,0,0
TF,FIMLI,51.301111,-0.668333,0, ,0.0,0.0,0.0,0.0,0,0,0,0,0,0,0,0
TF,TOMMO,51.314444,-0.362778,0, ,0.0,0.0,0.0,0.0,0,0,0,0,0,0,0,0

STAR,TOMO2F,ALL,2
IF,BEDEK,51.370833,-1.558611, ,0.0,0.0,1,14000,0,0,0,0,0,0
TF,NIGIT,51.313056,-1.170833,0, ,0.0,0.0,0.0,0.0,0,0,0,0,0,0,0,0
TF,TOMMO,51.314444,-0.362778,0, ,0.0,0.0,0.0,0.0,0,0,0,0,0,0,0,0

STAR,TOMO3E,ALL,2
IF,BILNI,50.675278,-2.125833, ,0.0,0.0,0,0,0,0,0,0,0,0
TF,KUMIL,50.575278,-1.610833,0, ,0.0,0.0,0.0,0.0,1,21000,0,0,0,0,0,0
TF,ELDER,50.663333,-1.337222,0, ,0.0,0.0,0.0,0.0,0,0,0,0,0,0,0,0
TF,HAZEL,51.005278,-0.984444,0, ,0.0,0.0,0.0,0.0,1,13000,0,0,0,0,0,0
TF,FIMLI,51.301111,-0.668333,0, ,0.0,0.0,0.0,0.0,0,0,0,0,0,0,0,0
TF,TOMMO,51.314444,-0.362778,0, ,0.0,0.0,0.0,0.0,0,0,0,0,0,0,0,0

STAR,TOMO4B,ALL,2
IF,DOMUT,50.261944,-1.669167, ,0.0,0.0,0,0,0,0,0,0,0,0
TF,KATHY,50.520556,-1.333333,0, ,0.0,0.0,0.0,0.0,0,0,0,0,0,0,0,0
TF,HAZEL,51.005278,-0.984444,0, ,0.0,0.0,0.0,0.0,1,13000,0,0,0,0,0,0
TF,FIMLI,51.301111,-0.668333,0, ,0.0,0.0,0.0,0.0,0,0,0,0,0,0,0,0
TF,TOMMO,51.314444,-0.362778,0, ,0.0,0.0,0.0,0.0,0,0,0,0,0,0,0,0

STAR,WEAL1E,ALL,2
IF,LOGAN,51.747589,1.611828, ,0.0,0.0,0,0,0,0,0,0,0,0
TF,KOPUL,51.542156,1.137178,0, ,0.0,0.0,0.0,0.0,0,0,0,0,0,0,0,0
TF,TANET,51.449444,0.925556,0, ,0.0,0.0,0.0,0.0,0,0,0,0,0,0,0,0
TF,DET,51.304003,0.597275,0, ,0.0,0.0,0.0,0.0,0,0,0,0,0,0,0,0
TF,WEALD,51.330833,0.034722,0, ,0.0,0.0,0.0,0.0,0,0,0,0,0,0,0,0

STAR,WEAL1F,ALL,2
IF,SANDY,51.064167,1.067500, ,0.0,0.0,0,0,0,0,0,0,0,0
TF,DET,51.304003,0.597275,0, ,0.0,0.0,0.0,0.0,0,0,0,0,0,0,0,0
TF,WEALD,51.330833,0.034722,0, ,0.0,0.0,0.0,0.0,0,0,0,0,0,0,0,0

STAR,WEAL1G,ALL,2
IF,OCK,51.305047,-0.447183, ,0.0,0.0,0,0,0,0,0,0,0,0
TF,DORKI,51.275833,-0.264444,0, ,0.0,0.0,0.0,0.0,0,0,0,0,0,0,0,0
TF,HILLY,51.335000,0.243611,0, ,0.0,0.0,0.0,0.0,0,0,0,0,0,0,0,0

STAR,WEAL3C,ALL,2
IF,DVR,51.162622,1.359089, ,0.0,0.0,0,0,0,0,0,0,0,0
TF,LYD,50.999686,0.878661,0, ,0.0,0.0,0.0,0.0,0,0,0,0,0,0,0,0
TF,TIGER,51.067222,0.439444,0, ,0.0,0.0,0.0,0.0,0,0,0,0,0,0,0,0
TF,WEALD,51.330833,0.034722,0, ,0.0,0.0,0.0,0.0,0,0,0,0,0,0,0,0

STAR,WEAL3D,ALL,2
IF,LAM,51.646025,0.151703, ,0.0,0.0,0,0,0,0,0,0,0,0
TF,HILLY,51.335000,0.243611,0, ,0.0,0.0,0.0,0.0,0,0,0,0,0,0,0,1
CF,WEALD,51.330833,0.034722,2,BNN,138.1,32.3,318.0,5.0,0,0,0,0,0,0,0,0

STAR,WEAL4B,ALL,2
IF,ALESO,50.575556,1.225556, ,0.0,0.0,0,0,0,0,0,0,0,0
TF,ROTNO,50.857222,0.778056,0, ,0.0,0.0,0.0,0.0,0,0,0,0,0,0,0,0
TF,ETVAX,50.968608,0.598964,0, ,0.0,0.0,0.0,0.0,1,18000,0,0,0,0,0,0
TF,TIGER,51.067222,0.439444,0, ,0.0,0.0,0.0,0.0,0,0,0,0,0,0,0,0
TF,WEALD,51.330833,0.034722,0, ,0.0,0.0,0.0,0.0,0,0,0,0,0,0,0,0

APPTR,I09L,09L,BIG
FD,BIG,51.330875,0.034811,0,BIG,0.0,26.0,275.0,26.0,1,7000,0,1,220,0,1,0
CF,BIG29,51.362025,-0.734444,0,LON,234.3,12.6,275.0,3.0,2,6000,0,0,0,0,0,1
CF,GWC35,51.437508,-0.789267,0,LON,257.3,12.5,359.0,4.0,2,3500,0,0,0,0,0,1
CF,CI09L,51.476222,-0.751481,2,IAA,270.7,12.2,90.0,2.0,1,3000,0,0,0,0,0,0

APPTR,I09L,09L,BNN
IF,BNN,51.726164,-0.549750, ,0.0,0.0,2,7000,0,1,220,0,1,0
CF,D179E,51.642986,-0.545081,0,BNN,179.0,5.0,179.0,5.0,1,7000,0,0,0,0,0,1
CF,LAM30,51.599781,-0.647131,0,BNN,206.6,8.4,265.0,4.0,1,7000,0,0,0,0,0,0
TF,LA34A,51.593206,-0.753517,0, ,0.0,0.0,0.0,0.0,2,6000,0,0,0,0,0,1
CF,GW39B,51.504050,-0.793039,0,LON,275.8,12.3,179.0,6.0,2,3500,0,0,0,0,0,1
CF,CI09L,51.476222,-0.751481,1,IAA,270.7,12.2,90.0,2.0,1,3000,0,0,0,0,0,0

APPTR,I09L,09L,CHT
IF,CHT,51.623142,-0.518578, ,0.0,0.0,2,3000,0,1,220,0,1,0
CF,LA34B,51.612892,-0.756119,0,LAM,267.0,34.0,267.0,9.0,1,3000,0,0,0,0,0,1
CF,GW39A,51.504453,-0.756736,0,LON,276.5,10.9,181.0,6.5,0,0,0,0,0,0,0,1
CF,CI09L,51.476222,-0.751481,1,IAA,270.7,12.2,90.0,2.0,1,3000,0,0,0,0,0,0

APPTR,I09L,09L,EPM
IF,EPM,51.319567,-0.371978, ,0.0,0.0,1,3000,0,1,220,0,1,0
TF,D283O,51.366525,-0.749847,0, ,0.0,0.0,0.0,0.0,1,3000,0,1,180,0,0,1
CF,CI09L,51.476222,-0.751481,2,IAA,270.7,12.2,90.0,3.0,1,3000,0,0,0,0,0,0

APPTR,I09L,09L,LAM
IF,LAM,51.646025,0.151703, ,0.0,0.0,2,7000,0,1,220,0,1,0
TF,LAM30,51.599781,-0.647131,0, ,0.0,0.0,0.0,0.0,1,7000,0,0,0,0,0,0
TF,LA34A,51.593206,-0.753517,0, ,0.0,0.0,0.0,0.0,2,6000,0,0,0,0,0,1
CF,GW39B,51.504050,-0.793039,0,LON,275.8,12.3,179.0,6.0,2,3500,0,0,0,0,0,1
CF,CI09L,51.476222,-0.751481,1,IAA,270.7,12.2,90.0,2.0,1,3000,0,0,0,0,0,0

APPTR,I09L,09L,OCK
FD,OCK,51.305047,-0.447183,0,OCK,0.0,8.0,288.0,8.0,1,7000,0,1,220,0,1,0
CF,D288L,51.363053,-0.752331,0,OCK,288.0,12.0,288.0,4.0,2,6000,0,0,0,0,0,1
CF,GWC35,51.437508,-0.789267,0,LON,257.3,12.5,359.0,4.0,2,3500,0,0,0,0,0,1
CF,CI09L,51.476222,-0.751481,2,IAA,270.7,12.2,90.0,2.0,1,3000,0,0,0,0,0,0

FINAL,I09L,09L,I,3
IF,CI09L,51.476222,-0.751481,IAA,270.7,12.2,1,3000,0,0,0,0,0,0
CF,FI09L,51.476600,-0.684842,0,IAA,270.7,9.7,90.0,2.5,1,2500,0,0,0,0,2,0
CF,RW09L,51.477500,-0.485014,0,IAA,270.7,2.2,90.0,7.5,1,130,0,0,0,0,3,0
CA,0,90.0,2,1580,0,0,0,0,0,0
CA,0,37.0,2,3000,0,0,0,0,0,0

APPTR,I09R,09R,BIG
FD,BIG,51.330875,0.034811,0,BIG,0.0,26.0,275.0,26.0,1,7000,0,1,220,0,1,0
CF,BIG29,51.362025,-0.734444,0,BIG,275.0,29.0,275.0,3.0,2,6000,0,0,0,0,0,1
CF,GWC35,51.437508,-0.789267,0,LON,257.3,12.5,359.0,4.0,2,3500,0,0,0,0,0,1
CF,CI09R,51.463561,-0.748939,2,IBB,270.7,12.0,90.0,2.0,1,3000,0,0,0,0,0,0

APPTR,I09R,09R,BNN
IF,BNN,51.726164,-0.549750, ,0.0,0.0,2,7000,0,1,220,0,1,0
CF,D179E,51.642986,-0.545081,0,BNN,179.0,5.0,179.0,5.0,1,7000,0,0,0,0,0,1
CF,LAM30,51.599781,-0.647131,0,BNN,206.6,8.4,265.0,4.0,1,7000,0,0,0,0,0,0
TF,LA34A,51.593206,-0.753517,0, ,0.0,0.0,0.0,0.0,2,6000,0,0,0,0,0,1
CF,GW39B,51.504050,-0.793039,0,LON,275.8,12.3,179.0,6.0,2,3500,0,0,0,0,0,1
CF,CI09R,51.463561,-0.748939,1,IBB,270.7,12.0,90.0,2.0,1,3000,0,0,0,0,0,0

APPTR,I09R,09R,CHT
IF,CHT,51.623142,-0.518578, ,0.0,0.0,2,3000,0,1,220,0,1,0
CF,LA34B,51.612892,-0.756119,0,LAM,267.0,34.0,267.0,9.0,1,3000,0,0,0,0,0,1
CF,GW39A,51.504453,-0.756736,0,LON,276.5,10.9,181.0,6.5,0,0,0,0,0,0,0,1
CF,CI09R,51.463561,-0.748939,1,IBB,270.7,12.0,90.0,2.0,1,3000,0,0,0,0,0,0

APPTR,I09R,09R,EPM
IF,EPM,51.319567,-0.371978, ,0.0,0.0,1,3000,0,1,220,0,1,0
TF,D283O,51.366525,-0.749847,0, ,0.0,0.0,0.0,0.0,1,3000,0,1,180,0,0,1
CF,CI09R,51.463561,-0.748939,2,IBB,270.7,12.0,90.0,4.0,1,3000,0,0,0,0,0,0

APPTR,I09R,09R,LAM
IF,LAM,51.646025,0.151703, ,0.0,0.0,2,7000,0,1,220,0,1,0
TF,LAM30,51.599781,-0.647131,0, ,0.0,0.0,0.0,0.0,1,7000,0,0,0,0,0,0
TF,LA34A,51.593206,-0.753517,0, ,0.0,0.0,0.0,0.0,2,6000,0,0,0,0,0,1
CF,GW39B,51.504050,-0.793039,0,LON,275.8,12.3,179.0,6.0,2,3500,0,0,0,0,0,1
CF,CI09R,51.463561,-0.748939,1,IBB,270.7,12.0,90.0,2.0,1,3000,0,0,0,0,0,0

APPTR,I09R,09R,OCK
FD,OCK,51.305047,-0.447183,0,OCK,0.0,8.0,288.0,8.0,1,7000,0,1,220,0,1,0
CF,D288L,51.363053,-0.752331,0,OCK,288.0,12.0,288.0,4.0,2,6000,0,0,0,0,0,1
CF,GWC35,51.437508,-0.789267,0,LON,257.3,12.5,359.0,4.0,2,3500,0,0,0,0,0,1
CF,CI09R,51.463561,-0.748939,2,IBB,270.7,12.0,90.0,2.0,1,3000,0,0,0,0,0,0

FINAL,I09R,09R,I,3
IF,CI09R,51.463561,-0.748939,IBB,270.7,12.0,1,3000,0,0,0,0,0,0
CF,FI09R,51.463925,-0.682319,0,IBB,270.7,9.5,90.0,2.5,1,2500,0,0,0,0,2,0
CF,RW09R,51.464792,-0.482336,0,IBB,270.7,2.0,90.0,7.5,1,125,0,0,0,0,3,0
CA,0,90.0,2,3000,0,0,0,0,0,0

APPTR,I27L,27L,BIG
IF,BIG,51.330875,0.034811, ,0.0,0.0,0,0,0,1,220,0,1,0
CD, ,0,0,0,BIG,0,0.0,275.0,9.0,2,7000,0,1,180,0,0,1
CR,0,BIG,279.0,320.0,2,7000,0,0,0,0,0,0
CR,2,BIG,295.0,48.0,2,6000,0,0,0,0,0,0
CR,0,BIG,303.0,93.0,0,0,0,0,0,0,0,0
CD, ,0,0,1,BIG,0,0.0,360.0,9.0,2,3500,0,0,0,0,0,0
CF,ILL10,51.465578,-0.167408,0,LON,98.3,11.3,271.0,1.0,1,3000,0,0,0,0,0,0
CF,CI27L,51.465481,-0.167544,0,ILL,91.0,9.6,271.0,2.5,1,2500,0,0,0,0,0,0

APPTR,I27L,27L,BNN
FD,BNN,51.726164,-0.549750,0,BNN,0.0,11.0,128.0,11.0,1,7000,0,1,220,0,1,0
CF,D128O,51.575461,-0.229719,0,BNN,128.0,15.0,128.0,4.0,2,6000,0,0,0,0,0,0
CF,D128S,51.535125,-0.144733,0,BNN,128.0,19.0,128.0,4.0,0,0,0,1,180,0,0,0
CR,2,BNN,133.0,218.0,2,3500,0,0,0,0,0,0
CF,CI27L,51.465481,-0.167544,0,ILL,90.7,12.1,270.0,2.0,1,3000,0,0,0,0,0,0

APPTR,I27L,27L,CHT
IF,CHT,51.623142,-0.518578, ,0.0,0.0,2,3000,0,1,220,0,1,0
TF,D111O,51.543286,-0.134825,0, ,0.0,0.0,0.0,0.0,0,0,0,1,180,0,0,1
CF,CI27L,51.465481,-0.167544,2,ILL,90.7,12.1,270.0,2.0,1,3000,0,0,0,0,0,0

APPTR,I27L,27L,EPM
IF,EPM,51.319567,-0.371978, ,0.0,0.0,2,3000,0,1,220,0,1,0
TF,D075L,51.359706,-0.140472,0, ,0.0,0.0,0.0,0.0,0,0,0,0,0,0,0,1
CR,0,OCK,64.0,359.0,0,0,0,0,0,0,0,0
CI,0, ,0.0,359.0,0,0,0,0,0,0,0,0
CF,CI27L,51.465481,-0.167544,0,ILL,90.7,12.1,270.0,2.0,1,3000,0,0,0,0,0,0

APPTR,I27L,27L,LAM
FD,LAM,51.646025,0.151703,0,LAM,0.0,11.0,273.0,11.0,1,7000,0,1,220,0,1,0
DF,D128O,51.575461,-0.229719,1, ,0.0,0.0,2,6000,0,0,0,0,0,0
CF,D128S,51.535125,-0.144733,0,BNN,128.0,19.0,128.0,4.0,0,0,0,1,180,0,0,0
CR,2,BNN,133.0,218.0,2,3500,0,0,0,0,0,0
CF,CI27L,51.465481,-0.167544,0,ILL,90.7,12.1,270.0,2.0,1,3000,0,0,0,0,0,0

APPTR,I27L,27L,OCK
FD,OCK,51.305047,-0.447183,0,OCK,0.0,7.0,75.0,7.0,1,7000,0,1,220,0,1,0
CF,D075K,51.355181,-0.166061,0,OCK,75.0,11.0,75.0,4.0,2,6000,0,0,0,0,0,0
CF,D075L,51.359706,-0.140472,0,OCK,75.0,12.0,75.0,1.0,0,0,0,0,0,0,0,1
CR,0,OCK,64.0,359.0,2,3500,0,0,0,0,0,0
CI,0, ,0.0,359.0,0,0,0,0,0,0,0,0
CF,CI27L,51.465481,-0.167544,0,ILL,90.7,12.1,270.0,2.0,1,3000,0,0,0,0,0,0

FINAL,I27L,27L,I,3
IF,CI27L,51.465481,-0.167544,ILL,90.7,12.1,1,3000,0,0,0,0,0,0
CF,FI27L,51.465406,-0.234169,0,ILL,90.7,9.6,270.0,2.5,1,2500,0,0,0,0,2,0
CF,RW27L,51.464953,-0.434078,0,ILL,90.7,2.1,270.0,7.5,1,133,0,0,0,0,3,0
CA,0,270.0,2,1080,0,0,0,0,0,0
CD, ,0,0,1,LON,0,0.0,148.0,6.0,1,2000,0,0,0,0,0,0
CA,0,148.0,2,3000,0,0,0,0,0,0

APPTR,I27R,27R,BIG
IF,BIG,51.330875,0.034811, ,0.0,0.0,0,0,0,1,220,0,1,0
CD, ,0,0,0,BIG,0,0.0,275.0,9.0,2,7000,0,1,180,0,0,1
CR,0,BIG,279.0,320.0,2,7000,0,0,0,0,0,0
CR,2,BIG,295.0,48.0,2,6000,0,0,0,0,0,0
CR,0,BIG,303.0,93.0,0,0,0,0,0,0,0,0
CD, ,0,0,1,BIG,0,0.0,360.0,9.0,2,3500,0,0,0,0,0,0
CF,IRR10,51.478314,-0.166517,0,LON,94.4,11.3,271.0,1.0,1,3000,0,0,0,0,0,0
CF,CI27R,51.478222,-0.166797,0,IRR,91.0,9.8,271.0,2.5,1,2500,0,0,0,0,0,0

APPTR,I27R,27R,BNN
FD,BNN,51.726164,-0.549750,0,BNN,0.0,11.0,128.0,11.0,1,7000,0,1,220,0,1,0
CF,D128O,51.575461,-0.229719,0,BNN,128.0,15.0,128.0,4.0,2,6000,0,0,0,0,0,0
CF,D128S,51.535125,-0.144733,0,BNN,128.0,19.0,128.0,4.0,0,0,0,1,180,0,0,0
CR,2,BNN,133.0,218.0,2,3500,0,0,0,0,0,0
CF,CI27R,51.478222,-0.166797,0,IRR,90.7,12.3,270.0,2.0,1,3000,0,0,0,0,0,0

APPTR,I27R,27R,CHT
IF,CHT,51.623142,-0.518578, ,0.0,0.0,2,3000,0,1,220,0,1,0
TF,D111O,51.543286,-0.134825,0, ,0.0,0.0,0.0,0.0,0,0,0,1,180,0,0,1
CF,CI27R,51.478222,-0.166797,2,IRR,90.7,12.3,270.0,2.0,1,3000,0,0,0,0,0,0

APPTR,I27R,27R,EPM
IF,EPM,51.319567,-0.371978, ,0.0,0.0,2,3000,0,1,220,0,1,0
TF,D075L,51.359706,-0.140472,0, ,0.0,0.0,0.0,0.0,0,0,0,0,0,0,0,1
CR,0,OCK,64.0,359.0,0,0,0,0,0,0,0,0
CI,0, ,0.0,359.0,0,0,0,0,0,0,0,0
CF,CI27R,51.478222,-0.166797,0,IRR,90.7,12.3,270.0,2.0,1,3000,0,0,0,0,0,0

APPTR,I27R,27R,LAM
FD,LAM,51.646025,0.151703,0,LAM,0.0,11.0,273.0,11.0,1,7000,0,1,220,0,1,0
DF,D128O,51.575461,-0.229719,1, ,0.0,0.0,2,6000,0,0,0,0,0,0
CF,D128S,51.535125,-0.144733,0,BNN,128.0,19.0,128.0,4.0,0,0,0,1,180,0,0,0
CR,2,BNN,133.0,218.0,2,3500,0,0,0,0,0,0
CF,CI27R,51.478222,-0.166797,0,IRR,90.7,12.3,270.0,2.0,1,3000,0,0,0,0,0,0

APPTR,I27R,27R,OCK
FD,OCK,51.305047,-0.447183,0,OCK,0.0,7.0,75.0,7.0,1,7000,0,1,220,0,1,0
CF,D075K,51.355181,-0.166061,0,OCK,75.0,11.0,75.0,4.0,2,6000,0,0,0,0,0,0
CF,D075L,51.359706,-0.140472,0,OCK,75.0,12.0,75.0,1.0,0,0,0,0,0,0,0,1
CR,0,OCK,64.0,359.0,2,3500,0,0,0,0,0,0
CI,0, ,0.0,359.0,0,0,0,0,0,0,0,0
CF,CI27R,51.478222,-0.166797,0,IRR,90.7,12.3,270.0,2.0,1,3000,0,0,0,0,0,0

FINAL,I27R,27R,I,3
IF,CI27R,51.478222,-0.166797,IRR,90.7,12.3,1,3000,0,0,0,0,0,0
CF,FI27R,51.478142,-0.233442,0,IRR,90.7,9.8,270.0,2.5,1,2500,0,0,0,0,2,0
CF,RW27R,51.477675,-0.433261,0,IRR,90.7,2.3,270.0,7.5,1,136,0,0,0,0,3,0
CA,0,270.0,2,1580,0,0,0,0,0,0
CA,0,317.0,2,3000,0,0,0,0,0,0

FINAL,R09LY,09L,G,3
IF,ABAVI,51.476236,-0.751575, ,0.0,0.0,2,3000,0,0,0,0,0,0
TF,L09LT,51.476681,-0.671061,0, ,0.0,0.0,90.0,3.0,2,2500,0,0,0,0,2,0
TF,RW09L,51.477500,-0.485014,0, ,0.0,0.0,90.0,7.0,1,129,0,0,0,0,3,1
CA,0,90.0,2,1580,0,0,0,0,0,0
VM,0,0,0,37.0,1,3000,0,0,0,0,0,0

FINAL,R09LZ,09L,G,3
IF,ABAVI,51.476236,-0.751575, ,0.0,0.0,2,3000,0,0,0,0,0,0
TF,L09LF,51.476617,-0.683519,0, ,0.0,0.0,90.0,2.6,2,2500,0,0,0,0,2,0
TF,RW09L,51.477500,-0.485014,0, ,0.0,0.0,90.0,7.4,1,129,0,0,0,0,3,1
CA,0,90.0,2,1580,0,0,0,0,0,0
VM,0,0,0,37.0,1,3000,0,0,0,0,0,0

FINAL,R09RY,09R,G,3
IF,BENPA,51.463544,-0.748822, ,0.0,0.0,2,3000,0,0,0,0,0,0
TF,L09RT,51.463983,-0.668647,0, ,0.0,0.0,90.0,3.0,2,2500,0,0,0,0,2,0
TF,RW09R,51.464792,-0.482336,0, ,0.0,0.0,90.0,7.0,1,125,0,0,0,0,3,1
CA,0,90.0,2,3000,0,0,0,0,0,0
VM,0,0,0,90.0,1,3000,0,0,0,0,0,0

FINAL,R09RZ,09R,G,3
IF,BENPA,51.463544,-0.748822, ,0.0,0.0,2,3000,0,0,0,0,0,0
TF,L09RF,51.463919,-0.681072,0, ,0.0,0.0,90.0,2.5,2,2500,0,0,0,0,2,0
TF,RW09R,51.464792,-0.482336,0, ,0.0,0.0,90.0,7.5,1,125,0,0,0,0,3,1
CA,0,90.0,2,3000,0,0,0,0,0,0
VM,0,0,0,90.0,1,3000,0,0,0,0,0,0

FINAL,R27LY,27L,G,3
IF,NEKSA,51.465478,-0.167192, ,0.0,0.0,2,3000,0,0,0,0,0,0
TF,L27LT,51.465389,-0.247917,0, ,0.0,0.0,270.0,3.0,2,2500,0,0,0,0,2,0
TF,RW27L,51.464953,-0.434078,0, ,0.0,0.0,270.0,7.0,1,127,0,0,0,0,3,1
CA,0,270.0,2,1080,0,0,0,0,0,0
CD, ,0,0,1,LON,0,0.0,148.0,6.0,1,2000,0,0,0,0,0,0
VM,0,0,0,148.0,1,3000,0,0,0,0,0,0

FINAL,R27LZ,27L,G,3
IF,NEKSA,51.465478,-0.167192, ,0.0,0.0,2,3000,0,0,0,0,0,0
TF,L27LF,51.465406,-0.235458,0, ,0.0,0.0,271.0,2.5,2,2500,0,0,0,0,2,0
TF,RW27L,51.464953,-0.434078,0, ,0.0,0.0,271.0,7.5,1,127,0,0,0,0,3,1
CA,0,271.0,2,1080,0,0,0,0,0,0
CD, ,0,0,1,LON,0,0.0,148.0,6.0,1,2000,0,0,0,0,0,0
VM,0,0,0,148.0,1,3000,0,0,0,0,0,0

FINAL,R27RY,27R,G,3
IF,IVLAR,51.478214,-0.166689, ,0.0,0.0,2,3000,0,0,0,0,0,0
TF,L27RT,51.478117,-0.247128,0, ,0.0,0.0,270.0,3.0,2,2500,0,0,0,0,2,0
TF,RW27R,51.477675,-0.433261,0, ,0.0,0.0,270.0,7.0,1,128,0,0,0,0,3,1
CA,0,270.0,2,1580,0,0,0,0,0,0
VM,0,0,0,317.0,1,3000,0,0,0,0,0,0

FINAL,R27RZ,27R,G,3
IF,IVLAR,51.478214,-0.166689, ,0.0,0.0,2,3000,0,0,0,0,0,0
TF,L27RF,51.478133,-0.234694,0, ,0.0,0.0,271.0,2.6,2,2500,0,0,0,0,2,0
TF,RW27R,51.477675,-0.433261,0, ,0.0,0.0,271.0,7.4,1,128,0,0,0,0,3,1
CA,0,271.0,2,1580,0,0,0,0,0,0
VM,0,0,0,317.0,1,3000,0,0,0,0,0,0

