SID,EWR2,04L,1
VA,0,39.0,2,500,0,0,0,0,0,0
VD, ,0,0,0,IEZA,0.0,0.0,60.0,4.0,0,0,0,0,0,0,0,0
VR,1,TEB,214.0,290.0,2,2500,0,0,0,0,0,0
VM,0,0,0,290.0,0,0,0,0,0,0,0,0

SID,EWR2,04R,1
VA,0,39.0,2,500,0,0,0,0,0,0
VD, ,0,0,0,IEZA,0.0,0.0,60.0,4.0,0,0,0,0,0,0,0,0
VR,1,TEB,214.0,290.0,2,2500,0,0,0,0,0,0
VM,0,0,0,290.0,0,0,0,0,0,0,0,0

SID,EWR2,11,1
VA,0,108.0,2,420,0,0,0,0,0,0
VD, ,0,0,0,IEZA,0.0,0.0,60.0,4.0,0,0,0,0,0,0,0,0
VR,1,TEB,214.0,290.0,2,2500,0,0,0,0,0,0
VM,0,0,0,290.0,0,0,0,0,0,0,0,0

SID,EWR2,22L,1
VA,0,219.0,2,500,0,0,0,0,0,0
VD, ,0,0,0,ILSQ,0.0,0.0,190.0,2.3,0,0,0,0,0,0,0,0
VM,0,0,0,220.0,0,0,0,0,0,0,0,0

SID,EWR2,22R,1
VA,0,219.0,2,420,0,0,0,0,0,0
VD, ,0,0,0,ILSQ,0.0,0.0,190.0,2.3,0,0,0,0,0,0,0,0
VM,0,0,0,220.0,0,0,0,0,0,0,0,0

SID,EWR2,29,1
VD, ,0,0,0,IGPR,0.0,0.0,288.0,1.4,0,0,0,0,0,0,0,0
VM,0,0,0,265.0,0,0,0,0,0,0,0,0

SID,PORTT3,22L,4
VA,0,219.0,2,518,0,0,0,0,0,0
DF,BAGGA,40.621800,-74.192183,0, ,0.0,0.0,0,0,0,1,220,0,0,0
TF,PORTT,40.590806,-74.293950,0, ,0.0,0.0,0.0,0.0,0,0,0,0,0,0,0,0

SID,PORTT3,22R,4
VA,0,219.0,2,518,0,0,0,0,0,0
DF,BAGGA,40.621800,-74.192183,0, ,0.0,0.0,0,0,0,1,220,0,0,0
TF,PORTT,40.590806,-74.293950,0, ,0.0,0.0,0.0,0.0,0,0,0,0,0,0,0,0

SID,PORTT3,BIGGY,6
IF,PORTT,40.590806,-74.293950, ,0.0,0.0,0,0,0,0,0,0,0,0
TF,RIETA,40.589717,-74.409058,0, ,0.0,0.0,0.0,0.0,0,0,0,0,0,0,0,0
TF,SBJ,40.583044,-74.741794,0, ,0.0,0.0,0.0,0.0,0,0,0,0,0,0,0,0
TF,BIGGY,40.419656,-74.972658,0, ,0.0,0.0,0.0,0.0,0,0,0,0,0,0,0,0

SID,PORTT3,ELIOT,6
IF,PORTT,40.590806,-74.293950, ,0.0,0.0,0,0,0,0,0,0,0,0
TF,SIRLY,40.650008,-74.416336,0, ,0.0,0.0,0.0,0.0,0,0,0,0,0,0,0,0
TF,FENLY,40.705728,-74.568347,0, ,0.0,0.0,0.0,0.0,0,0,0,0,0,0,0,0
TF,ELIOT,40.818514,-75.130119,0, ,0.0,0.0,0.0,0.0,0,0,0,0,0,0,0,0

SID,PORTT3,LANNA,6
IF,PORTT,40.590806,-74.293950, ,0.0,0.0,0,0,0,0,0,0,0,0
TF,RIETA,40.589717,-74.409058,0, ,0.0,0.0,0.0,0.0,0,0,0,0,0,0,0,0
TF,SBJ,40.583044,-74.741794,0, ,0.0,0.0,0.0,0.0,0,0,0,0,0,0,0,0
TF,LANNA,40.559742,-75.027725,0, ,0.0,0.0,0.0,0.0,0,0,0,0,0,0,0,0

SID,PORTT3,PARKE,6
IF,PORTT,40.590806,-74.293950, ,0.0,0.0,0,0,0,0,0,0,0,0
TF,RIETA,40.589717,-74.409058,0, ,0.0,0.0,0.0,0.0,0,0,0,0,0,0,0,0
TF,SBJ,40.583044,-74.741794,0, ,0.0,0.0,0.0,0.0,0,0,0,0,0,0,0,0
TF,PARKE,40.683183,-75.076478,0, ,0.0,0.0,0.0,0.0,0,0,0,0,0,0,0,0

STAR,DYLIN4,FAK,1
IF,FAK,37.528508,-77.828219, ,0.0,0.0,0,0,0,0,0,0,0,0
TF,OTT,38.705872,-76.744747,0, ,0.0,0.0,0.0,0.0,0,0,0,0,0,0,0,0
TF,PALEO,39.027994,-76.372725,0, ,0.0,0.0,0.0,0.0,0,0,0,0,0,0,0,0
TF,PEEDS,39.141686,-76.240311,0, ,0.0,0.0,0.0,0.0,0,0,0,0,0,0,0,0
TF,FUBRR,39.265931,-76.094886,0, ,0.0,0.0,0.0,0.0,2,27000,0,0,0,0,0,0
TF,DQO,39.678139,-75.607081,0, ,0.0,0.0,0.0,0.0,2,20000,0,0,0,0,0,0

STAR,DYLIN4,GVE,1
IF,GVE,38.013600,-78.153025, ,0.0,0.0,0,0,0,0,0,0,0,0
TF,OTT,38.705872,-76.744747,0, ,0.0,0.0,0.0,0.0,0,0,0,0,0,0,0,0
TF,PALEO,39.027994,-76.372725,0, ,0.0,0.0,0.0,0.0,0,0,0,0,0,0,0,0
TF,PEEDS,39.141686,-76.240311,0, ,0.0,0.0,0.0,0.0,0,0,0,0,0,0,0,0
TF,FUBRR,39.265931,-76.094886,0, ,0.0,0.0,0.0,0.0,2,27000,0,0,0,0,0,0
TF,DQO,39.678139,-75.607081,0, ,0.0,0.0,0.0,0.0,2,20000,0,0,0,0,0,0

STAR,DYLIN4,PXT,1
IF,PXT,38.287856,-76.400231, ,0.0,0.0,0,0,0,0,0,0,0,0
TF,PEEDS,39.141686,-76.240311,0, ,0.0,0.0,0.0,0.0,0,0,0,0,0,0,0,0
TF,FUBRR,39.265931,-76.094886,0, ,0.0,0.0,0.0,0.0,0,0,0,0,0,0,0,0
TF,DQO,39.678139,-75.607081,0, ,0.0,0.0,0.0,0.0,2,20000,0,0,0,0,0,0

STAR,DYLIN4,ALL,2
IF,DQO,39.678139,-75.607081, ,0.0,0.0,2,20000,0,0,0,0,0,0
TF,STEFE,39.965292,-75.260011,0, ,0.0,0.0,0.0,0.0,2,13000,0,0,0,0,0,0
TF,SOMTO,40.126167,-75.063728,0, ,0.0,0.0,0.0,0.0,1,11000,0,0,0,0,0,0
TF,ARD,40.253342,-74.907611,0, ,0.0,0.0,0.0,0.0,0,0,0,0,0,0,0,0
TF,DYLIN,40.287469,-74.859792,0, ,0.0,0.0,0.0,0.0,1,8000,0,0,0,0,0,0
TF,MERSR,40.310122,-74.828011,0, ,0.0,0.0,0.0,0.0,0,0,0,0,0,0,0,0
TF,METRO,40.422714,-74.669528,0, ,0.0,0.0,0.0,0.0,0,0,0,0,0,0,0,0

STAR,FLOSI3,BAF,4
IF,BAF,42.161958,-72.716200, ,0.0,0.0,0,0,0,0,0,0,0,0
TF,BOWAN,42.106428,-73.524708,0, ,0.0,0.0,0.0,0.0,0,0,0,0,0,0,0,0
TF,WIGAN,42.085092,-73.814969,0, ,0.0,0.0,0.0,0.0,0,0,0,0,0,0,0,0
TF,TALCO,42.062769,-74.107736,0, ,0.0,0.0,0.0,0.0,0,0,0,0,0,0,0,0
TF,WEETS,41.857494,-74.197642,0, ,0.0,0.0,0.0,0.0,0,0,0,0,0,0,0,0
TF,HELON,41.667422,-74.280422,0, ,0.0,0.0,0.0,0.0,0,0,0,0,0,0,0,0
TF,FLOSI,41.543528,-74.334097,0, ,0.0,0.0,0.0,0.0,0,0,0,0,0,0,0,0

STAR,FLOSI3,GEE,4
IF,GEE,42.834397,-77.732750, ,0.0,0.0,0,0,0,0,0,0,0,0
TF,EXTOL,42.657692,-76.618361,0, ,0.0,0.0,0.0,0.0,0,0,0,0,0,0,0,0
TF,KODEY,42.279869,-75.784444,0, ,0.0,0.0,0.0,0.0,0,0,0,0,0,0,0,0
TF,HNK,42.063058,-75.316283,0, ,0.0,0.0,0.0,0.0,0,0,0,0,0,0,0,0
TF,HELON,41.667422,-74.280422,0, ,0.0,0.0,0.0,0.0,0,0,0,0,0,0,0,0
TF,FLOSI,41.543528,-74.334097,0, ,0.0,0.0,0.0,0.0,0,0,0,0,0,0,0,0

STAR,FLOSI3,HANAA,4
IF,HANAA,43.197794,-73.612825, ,0.0,0.0,0,0,0,0,0,0,0,0
TF,ALB,42.747281,-73.803186,0, ,0.0,0.0,0.0,0.0,0,0,0,0,0,0,0,0
TF,ACOVE,42.234783,-74.031831,0, ,0.0,0.0,0.0,0.0,0,0,0,0,0,0,0,0
TF,TALCO,42.062769,-74.107736,0, ,0.0,0.0,0.0,0.0,0,0,0,0,0,0,0,0
TF,WEETS,41.857494,-74.197642,0, ,0.0,0.0,0.0,0.0,0,0,0,0,0,0,0,0
TF,HELON,41.667422,-74.280422,0, ,0.0,0.0,0.0,0.0,0,0,0,0,0,0,0,0
TF,FLOSI,41.543528,-74.334097,0, ,0.0,0.0,0.0,0.0,0,0,0,0,0,0,0,0

STAR,FLOSI3,HNK,4
IF,HNK,42.063058,-75.316283, ,0.0,0.0,0,0,0,0,0,0,0,0
TF,HELON,41.667422,-74.280422,0, ,0.0,0.0,0.0,0.0,0,0,0,0,0,0,0,0
TF,FLOSI,41.543528,-74.334097,0, ,0.0,0.0,0.0,0.0,0,0,0,0,0,0,0,0

STAR,FLOSI3,NELIE,4
IF,NELIE,41.941011,-72.688578, ,0.0,0.0,0,0,0,0,0,0,0,0
TF,IGN,41.665450,-73.822225,0, ,0.0,0.0,0.0,0.0,0,0,0,0,0,0,0,0
TF,FLOSI,41.543528,-74.334097,0, ,0.0,0.0,0.0,0.0,0,0,0,0,0,0,0,0

STAR,FLOSI3,ALL,5
IF,FLOSI,41.543528,-74.334097, ,0.0,0.0,0,0,0,0,0,0,0,0
TF,CRANK,41.416608,-74.388869,0, ,0.0,0.0,0.0,0.0,0,0,0,0,0,0,0,0
TF,SHAFF,41.289706,-74.443406,0, ,0.0,0.0,0.0,0.0,0,0,0,0,0,0,0,0
TF,SAX,41.067544,-74.538314,0, ,0.0,0.0,0.0,0.0,0,0,0,0,0,0,0,0
TF,PHLBO,40.830386,-74.560189,0, ,0.0,0.0,0.0,0.0,0,0,0,0,0,0,0,0
TF,HOKIR,40.655597,-74.550881,0, ,0.0,0.0,0.0,0.0,0,0,0,0,0,0,0,1
VM,40.692481,-74.168686,0,180.0,0,0,0,0,0,0,0,0

STAR,FQM3,SLT,1
IF,SLT,41.512758,-77.970111, ,0.0,0.0,0,0,0,0,0,0,0,0
TF,FQM,41.338558,-76.774867,0, ,0.0,0.0,0.0,0.0,0,0,0,0,0,0,0,0

STAR,FQM3,ALL,2
IF,FQM,41.338558,-76.774867, ,0.0,0.0,0,0,0,0,0,0,0,0
TF,MEGSS,41.187022,-76.211394,0, ,0.0,0.0,0.0,0.0,0,0,0,0,0,0,0,0
TF,HAYED,41.143917,-76.053453,0, ,0.0,0.0,0.0,0.0,0,0,0,0,0,0,0,0
TF,RACKI,41.012167,-75.576958,0, ,0.0,0.0,0.0,0.0,0,0,0,0,0,0,0,0
TF,PENNS,40.880636,-75.109550,0, ,0.0,0.0,0.0,0.0,0,0,0,0,0,0,0,0
TF,SWEET,40.828272,-74.924319,0, ,0.0,0.0,0.0,0.0,0,0,0,0,0,0,0,1
VM,40.692481,-74.168686,0,122.0,0,0,0,0,0,0,0,0

STAR,PENNS2,FQM,1
IF,FQM,41.338558,-76.774867, ,0.0,0.0,0,0,0,0,0,0,0,0
TF,HAYED,41.143917,-76.053453,0, ,0.0,0.0,0.0,0.0,0,0,0,0,0,0,0,0
TF,RACKI,41.012167,-75.576958,0, ,0.0,0.0,0.0,0.0,0,0,0,0,0,0,0,0
TF,PENNS,40.880636,-75.109550,0, ,0.0,0.0,0.0,0.0,0,0,0,0,0,0,0,0

STAR,PENNS2,LVZ,1
IF,LVZ,41.272803,-75.689467, ,0.0,0.0,0,0,0,0,0,0,0,0
TF,RACKI,41.012167,-75.576958,0, ,0.0,0.0,0.0,0.0,0,0,0,0,0,0,0,0
TF,PENNS,40.880636,-75.109550,0, ,0.0,0.0,0.0,0.0,0,0,0,0,0,0,0,0

STAR,PENNS2,ALL,2
IF,PENNS,40.880636,-75.109550, ,0.0,0.0,0,0,0,0,0,0,0,0
TF,SWEET,40.828272,-74.924319,0, ,0.0,0.0,0.0,0.0,0,0,0,0,0,0,0,0

STAR,PHLBO3,FAK,4
IF,FAK,37.528508,-77.828219, ,0.0,0.0,0,0,0,0,0,0,0,0
TF,SHONA,37.799317,-77.582889,0, ,0.0,0.0,0.0,0.0,0,0,0,0,0,0,0,0
TF,OTT,38.705872,-76.744747,0, ,0.0,0.0,0.0,0.0,0,0,0,0,0,0,0,0
TF,PALEO,39.027994,-76.372725,0, ,0.0,0.0,0.0,0.0,0,0,0,0,0,0,0,0
TF,PEEDS,39.141686,-76.240311,0, ,0.0,0.0,0.0,0.0,0,0,0,0,0,0,0,0
TF,FUBRR,39.265931,-76.094886,0, ,0.0,0.0,0.0,0.0,1,27000,0,0,0,0,0,0
TF,DQO,39.678139,-75.607081,0, ,0.0,0.0,0.0,0.0,2,20000,0,0,0,0,0,0

STAR,PHLBO3,GVE,4
IF,GVE,38.013600,-78.153025, ,0.0,0.0,0,0,0,0,0,0,0,0
TF,OTT,38.705872,-76.744747,0, ,0.0,0.0,0.0,0.0,0,0,0,0,0,0,0,0
TF,PALEO,39.027994,-76.372725,0, ,0.0,0.0,0.0,0.0,0,0,0,0,0,0,0,0
TF,PEEDS,39.141686,-76.240311,0, ,0.0,0.0,0.0,0.0,0,0,0,0,0,0,0,0
TF,FUBRR,39.265931,-76.094886,0, ,0.0,0.0,0.0,0.0,1,27000,0,0,0,0,0,0
TF,DQO,39.678139,-75.607081,0, ,0.0,0.0,0.0,0.0,2,20000,0,0,0,0,0,0

STAR,PHLBO3,PXT,4
IF,PXT,38.287856,-76.400231, ,0.0,0.0,0,0,0,0,0,0,0,0
TF,PEEDS,39.141686,-76.240311,0, ,0.0,0.0,0.0,0.0,0,0,0,0,0,0,0,0
TF,FUBRR,39.265931,-76.094886,0, ,0.0,0.0,0.0,0.0,0,0,0,0,0,0,0,0
TF,DQO,39.678139,-75.607081,0, ,0.0,0.0,0.0,0.0,2,20000,0,0,0,0,0,0

STAR,PHLBO3,ALL,5
IF,DQO,39.678139,-75.607081, ,0.0,0.0,2,20000,0,0,0,0,0,0
TF,STEFE,39.965292,-75.260011,0, ,0.0,0.0,0.0,0.0,2,13000,0,0,0,0,0,0
TF,SOMTO,40.126167,-75.063728,0, ,0.0,0.0,0.0,0.0,1,11000,0,0,0,0,0,0
TF,ARD,40.253342,-74.907611,0, ,0.0,0.0,0.0,0.0,0,0,0,0,0,0,0,0
TF,DYLIN,40.287469,-74.859792,0, ,0.0,0.0,0.0,0.0,1,8000,0,0,0,0,0,0
TF,MERSR,40.310122,-74.828011,0, ,0.0,0.0,0.0,0.0,0,0,0,0,0,0,0,0
TF,METRO,40.422714,-74.669528,0, ,0.0,0.0,0.0,0.0,0,0,0,0,0,0,0,0
TF,MARRT,40.606953,-74.620269,0, ,0.0,0.0,0.0,0.0,0,0,0,0,0,0,0,0
TF,PHLBO,40.830386,-74.560189,0, ,0.0,0.0,0.0,0.0,0,0,0,0,0,0,0,1
FM,PHLBO,40.830386,-74.560189,0,TEB,0.0,0.0,25.0,0,0,0,0,0,0,0,0

STAR,RUUTH1,PXT,1
IF,PXT,38.287856,-76.400231, ,0.0,0.0,0,0,0,0,0,0,0,0
TF,LOUIE,38.612314,-76.301214,0, ,0.0,0.0,0.0,0.0,0,0,0,0,0,0,0,0
TF,GRACO,38.941614,-76.199783,0, ,0.0,0.0,0.0,0.0,0,0,0,0,0,0,0,0
TF,GATBY,39.261117,-76.100511,0, ,0.0,0.0,0.0,0.0,0,0,0,0,0,0,0,0

STAR,RUUTH1,SWANN,1
IF,SWANN,39.151467,-76.228872, ,0.0,0.0,0,0,0,0,0,0,0,0
TF,GATBY,39.261117,-76.100511,0, ,0.0,0.0,0.0,0.0,0,0,0,0,0,0,0,0

STAR,RUUTH1,ALL,2
IF,GATBY,39.261117,-76.100511, ,0.0,0.0,0,0,0,0,0,0,0,0
TF,KERNO,39.310069,-76.043033,0, ,0.0,0.0,0.0,0.0,0,0,0,0,0,0,0,0
TF,ODESA,39.491389,-75.828992,0, ,0.0,0.0,0.0,0.0,0,0,0,0,0,0,0,0
TF,DQO,39.678139,-75.607081,0, ,0.0,0.0,0.0,0.0,0,0,0,0,0,0,0,0
TF,RUUTH,39.850344,-74.999769,0, ,0.0,0.0,0.0,0.0,0,0,0,0,0,0,0,0
TF,DAVYS,39.922389,-74.897158,0, ,0.0,0.0,0.0,0.0,0,0,0,0,0,0,0,0
TF,HOLEY,39.971586,-74.826878,0, ,0.0,0.0,0.0,0.0,0,0,0,0,0,0,0,0
TF,BRAND,40.035078,-74.735972,0, ,0.0,0.0,0.0,0.0,0,0,0,0,0,0,0,0
TF,KORRY,40.093842,-74.651544,0, ,0.0,0.0,0.0,0.0,0,0,0,0,0,0,0,0
TF,RBV,40.202403,-74.495025,0, ,0.0,0.0,0.0,0.0,0,0,0,0,0,0,0,0

STAR,SHAFF7,ALB,1
IF,ALB,42.747281,-73.803186, ,0.0,0.0,0,0,0,0,0,0,0,0
TF,ACOVE,42.234783,-74.031831,0, ,0.0,0.0,0.0,0.0,0,0,0,0,0,0,0,0
TF,TALCO,42.062769,-74.107736,0, ,0.0,0.0,0.0,0.0,0,0,0,0,0,0,0,0
TF,WEETS,41.857494,-74.197642,0, ,0.0,0.0,0.0,0.0,0,0,0,0,0,0,0,0
TF,HELON,41.667422,-74.280422,0, ,0.0,0.0,0.0,0.0,0,0,0,0,0,0,0,0
TF,FLOSI,41.543528,-74.334097,0, ,0.0,0.0,0.0,0.0,0,0,0,0,0,0,0,0

STAR,SHAFF7,BAF,1
IF,BAF,42.161958,-72.716200, ,0.0,0.0,0,0,0,0,0,0,0,0
TF,BOWAN,42.106428,-73.524708,0, ,0.0,0.0,0.0,0.0,0,0,0,0,0,0,0,0
TF,WIGAN,42.085092,-73.814969,0, ,0.0,0.0,0.0,0.0,0,0,0,0,0,0,0,0
TF,TALCO,42.062769,-74.107736,0, ,0.0,0.0,0.0,0.0,0,0,0,0,0,0,0,0
TF,WEETS,41.857494,-74.197642,0, ,0.0,0.0,0.0,0.0,0,0,0,0,0,0,0,0
TF,HELON,41.667422,-74.280422,0, ,0.0,0.0,0.0,0.0,0,0,0,0,0,0,0,0
TF,FLOSI,41.543528,-74.334097,0, ,0.0,0.0,0.0,0.0,0,0,0,0,0,0,0,0

STAR,SHAFF7,GEE,1
IF,GEE,42.834397,-77.732750, ,0.0,0.0,0,0,0,0,0,0,0,0
TF,EXTOL,42.657692,-76.618361,0, ,0.0,0.0,0.0,0.0,0,0,0,0,0,0,0,0
TF,KODEY,42.279869,-75.784444,0, ,0.0,0.0,0.0,0.0,0,0,0,0,0,0,0,0
TF,HNK,42.063058,-75.316283,0, ,0.0,0.0,0.0,0.0,0,0,0,0,0,0,0,0
TF,HELON,41.667422,-74.280422,0, ,0.0,0.0,0.0,0.0,0,0,0,0,0,0,0,0
TF,FLOSI,41.543528,-74.334097,0, ,0.0,0.0,0.0,0.0,0,0,0,0,0,0,0,0

STAR,SHAFF7,HNK,1
IF,HNK,42.063058,-75.316283, ,0.0,0.0,0,0,0,0,0,0,0,0
TF,HELON,41.667422,-74.280422,0, ,0.0,0.0,0.0,0.0,0,0,0,0,0,0,0,0
TF,FLOSI,41.543528,-74.334097,0, ,0.0,0.0,0.0,0.0,0,0,0,0,0,0,0,0

STAR,SHAFF7,IGN,1
IF,IGN,41.665450,-73.822225, ,0.0,0.0,0,0,0,0,0,0,0,0
TF,FLOSI,41.543528,-74.334097,0, ,0.0,0.0,0.0,0.0,0,0,0,0,0,0,0,0

STAR,SHAFF7,ALL,2
IF,FLOSI,41.543528,-74.334097, ,0.0,0.0,0,0,0,0,0,0,0,0
TF,CRANK,41.416608,-74.388869,0, ,0.0,0.0,0.0,0.0,0,0,0,0,0,0,0,0
TF,SHAFF,41.289706,-74.443406,0, ,0.0,0.0,0.0,0.0,0,0,0,0,0,0,0,0
TF,SAX,41.067544,-74.538314,0, ,0.0,0.0,0.0,0.0,0,0,0,0,0,0,0,0

APPTR,I04L,04L,KILMA
IF,KILMA,40.486028,-74.402450, ,0.0,0.0,0,0,0,0,0,0,1,0
CF,EMBAY,40.516747,-74.279953,0,IEWR,218.8,12.5,83.0,5.9,2,2800,0,0,0,0,1,0

FINAL,I04L,04L,I,3
IF,EMBAY,40.516747,-74.279953,IEWR,218.8,12.5,2,2800,0,0,0,0,0,0
CF,HOWYA,40.593436,-74.231422,0,IEWR,218.8,7.4,39.0,5.1,1,2000,0,0,0,0,2,0
CF,RW04L,40.681656,-74.175461,0,IEWR,218.8,1.6,39.0,5.9,1,67,0,0,0,0,3,0
CA,0,39.0,2,620,0,0,0,0,0,0
VI,0, ,0.0,60.0,0,0,0,0,0,0,0,0
CF,TEB,40.848719,-74.062242,0,TEB,0.0,0.0,25.0,6.0,2,2500,0,0,0,0,0,0
HM,TEB,40.848719,-74.062242,2, ,0.0,0.0,155.0,04.3,0,0,0,0,0,0,0,0,0

APPTR,I04R,04R,KILMA
IF,KILMA,40.486028,-74.402450, ,0.0,0.0,0,0,0,0,0,0,1,0
CF,GRITY,40.515589,-74.276931,0,IEZA,218.8,12.6,85.0,6.0,2,2800,0,0,0,0,0,0

FINAL,I04R,04R,I,3
IF,GRITY,40.515589,-74.276931,IEZA,218.8,12.6,2,2800,0,0,0,0,0,0
CF,DOOIN,40.602136,-74.222131,0,IEZA,218.8,6.8,39.0,5.8,1,1700,0,0,0,0,2,0
CF,RW04R,40.680525,-74.172375,0,IEZA,218.8,1.6,39.0,5.2,1,66,0,0,0,0,3,0
CA,0,39.0,2,600,0,0,0,0,0,0
VI,0, ,0.0,60.0,0,0,0,0,0,0,0,0
CF,TEB,40.848719,-74.062242,0,TEB,0.0,0.0,25.0,6.0,2,2500,0,0,0,0,0,0
HM,TEB,40.848719,-74.062242,2, ,0.0,0.0,155.0,04.3,0,0,0,0,0,0,0,0,0

FINAL,I11,11,I,3
IF,JARIT,40.714042,-74.389031,IGPR,287.0,10.1,2,1600,0,0,0,0,0,0
CF,JEENO,40.708661,-74.284039,0,IGPR,287.0,5.3,107.0,4.8,1,1600,0,0,0,0,2,0
CF,RW11,40.702806,-74.180708,0,IGPR,284.3,0.6,107.0,4.7,1,74,0,0,0,0,3,0
VA,0,107.0,2,420,0,0,0,0,0,0
VR,0,TEB,208.0,107.0,0,0,0,0,0,0,0,0
FD,TEB,40.848719,-74.062242,2,TEB,0.0,13.0,199.0,13.0,1,1700,0,0,0,0,0,0
CF,COL,40.311633,-74.159728,0,COL,0.0,0.0,199.0,13.0,2,3000,0,0,0,0,0,0
HM,COL,40.311633,-74.159728,2, ,0.0,0.0,199.0,04.3,0,0,0,0,0,0,0,0,0

APPTR,I22L,22L,PATRN
IF,PATRN,40.941222,-74.150922, ,0.0,0.0,0,0,0,0,0,0,0,0
TF,TEB,40.848719,-74.062242,0, ,0.0,0.0,0.0,0.0,2,3000,0,0,0,0,1,0
CF,GIMEE,40.813131,-74.087903,0,ILSQ,38.8,9.2,220.0,2.4,2,2500,0,0,0,0,1,0

FINAL,I22L,22L,I,3
IF,GIMEE,40.813131,-74.087903,ILSQ,38.8,9.2,2,2500,0,0,0,0,0,0
CF,BUZZD,40.765506,-74.118458,0,ILSQ,38.8,6.1,219.0,3.2,1,1497,0,0,0,0,2,0
CF,RW22L,40.697861,-74.161353,0,ILSQ,38.8,1.5,219.0,4.5,1,50,0,0,0,0,3,0
CA,0,219.0,2,500,0,0,0,0,0,0
VI,0, ,0.0,225.0,0,0,0,0,0,0,0,0
CF,KILMA,40.486028,-74.402450,0,ARD,68.8,27.0,249.0,7.0,2,3000,0,0,0,0,0,0
HM,KILMA,40.486028,-74.402450,2, ,0.0,0.0,69.0,04.3,0,0,0,0,0,0,0,0,0

APPTR,I22R,22R,AGNSS
IF,AGNSS,40.850572,-74.067786, ,0.0,0.0,2,3000,0,0,0,0,0,0
CF,VERDE,40.814114,-74.091078,0,IJNN,38.8,9.4,219.0,2.4,2,2500,0,0,0,0,0,0

FINAL,I22R,22R,I,3
IF,VERDE,40.814114,-74.091078,IJNN,38.8,9.4,2,2500,0,0,0,0,0,0
CF,TALTE,40.764808,-74.122533,0,IJNN,38.8,6.1,219.0,3.3,1,1500,0,0,0,0,2,0
CF,RW22R,40.699000,-74.164436,0,IJNN,38.8,1.7,219.0,4.4,1,57,0,0,0,0,3,0
VI,0, ,0.0,219.0,0,0,0,0,0,0,0,0
CF,KILMA,40.486028,-74.402450,0,ARD,68.8,27.0,249.0,9.0,2,3000,0,0,0,0,0,0
HM,KILMA,40.486028,-74.402450,2, ,0.0,0.0,69.0,04.3,0,0,0,0,0,0,0,0,0

FINAL,J04L,04L,G,3
IF,ZIXOL,40.501756,-74.289461,G04A,0.0,0.0,2,2800,0,0,0,0,0,0
TF,WUSIP,40.592011,-74.232353,0,G04A,0.0,0.0,39.0,6.0,1,2000,0,0,0,0,2,0
TF,RW04L,40.681656,-74.175461,0,G04A,0.0,0.0,39.0,6.0,1,65,0,0,0,0,3,1
CA,0,39.0,2,210,0,0,0,0,0,0
DF,EHLUN,40.722944,-74.149203,0, ,0.0,0.0,0,0,0,0,0,0,0,0
TF,MOSME,40.742522,-74.091928,0, ,0.0,0.0,0.0,0.0,0,0,0,0,0,0,0,1
TF,TEB,40.848719,-74.062242,0, ,0.0,0.0,0.0,0.0,2,3000,0,0,0,0,0,1
HM,TEB,40.848719,-74.062242,2, ,0.0,0.0,157.0,04,0,0,0,0,0,0,0,0,0

FINAL,J04R,04R,G,3
IF,ISACE,40.514489,-74.277617,G04B,0.0,0.0,2,2800,0,0,0,0,0,0
TF,COWWE,40.604628,-74.220553,0,G04B,0.0,0.0,39.0,6.0,1,1700,0,0,0,0,2,0
TF,RW04R,40.680525,-74.172375,0,G04B,0.0,0.0,39.0,5.1,1,66,0,0,0,0,3,1
CA,0,39.0,2,261,0,0,0,0,0,0
DF,CANBO,40.718050,-74.148511,0, ,0.0,0.0,0,0,0,0,0,0,0,0
TF,MOSME,40.742522,-74.091928,0, ,0.0,0.0,0.0,0.0,0,0,0,0,0,0,0,1
TF,TEB,40.848719,-74.062242,0, ,0.0,0.0,0.0,0.0,2,3000,0,0,0,0,0,1
HM,TEB,40.848719,-74.062242,2, ,0.0,0.0,157.0,04,0,0,0,0,0,0,0,0,0

FINAL,J11,11,G,3
IF,HUTMO,40.718189,-74.415883,G11A,0.0,0.0,2,2000,0,0,0,0,0,0
TF,NANVE,40.709636,-74.284200,0,G11A,0.0,0.0,108.0,6.0,1,1600,0,0,0,0,2,0
TF,RW11,40.702806,-74.180708,0,G11A,0.0,0.0,108.0,4.7,1,70,0,0,0,0,3,1
DF,FOVEX,40.695500,-74.071564,0, ,0.0,0.0,0,0,0,0,0,0,0,0
TF,COGSU,40.554167,-74.070833,2, ,0.0,0.0,0.0,0.0,0,0,0,0,0,0,0,1
TF,DIRMY,40.563394,-74.470369,0, ,0.0,0.0,0.0,0.0,2,3000,0,0,0,0,0,1
HM,DIRMY,40.563394,-74.470369,2, ,0.0,0.0,61.0,04,0,0,0,0,0,0,0,0,0

APPTR,J22L,22L,IZEKO
IF,IZEKO,40.855581,-74.060775, ,0.0,0.0,2,3000,0,0,0,0,0,0
TF,GIMEE,40.813131,-74.087903,0,G22A,0.0,0.0,0.0,0.0,2,2500,0,0,0,0,0,0

FINAL,J22L,22L,G,3
IF,GIMEE,40.813131,-74.087903,G22A,0.0,0.0,2,2500,0,0,0,0,0,0
TF,BUZZD,40.765506,-74.118458,0,G22A,0.0,0.0,219.0,3.2,1,1500,0,0,0,0,2,0
TF,RW22L,40.697861,-74.161353,0,G22A,0.0,0.0,219.0,4.5,1,54,0,0,0,0,3,1
DF,CIXAL,40.664081,-74.182825,0, ,0.0,0.0,0,0,0,0,0,0,0,0
TF,KILMA,40.486028,-74.402450,0, ,0.0,0.0,0.0,0.0,2,3000,0,0,0,0,0,1
HM,KILMA,40.486028,-74.402450,2, ,0.0,0.0,72.0,04,0,0,0,0,0,0,0,0,0

APPTR,J22R,22R,EPAHA
IF,EPAHA,40.856928,-74.063769, ,0.0,0.0,2,3000,0,0,0,0,0,0
TF,VERDE,40.814114,-74.091078,0,G22B,0.0,0.0,0.0,0.0,2,2500,0,0,0,0,0,0

FINAL,J22R,22R,G,3
IF,VERDE,40.814114,-74.091078,G22B,0.0,0.0,2,2500,0,0,0,0,0,0
TF,WILLL,40.766122,-74.121717,0,G22B,0.0,0.0,219.0,3.2,1,1500,0,0,0,0,2,0
TF,RW22R,40.699000,-74.164436,0,G22B,0.0,0.0,219.0,4.5,1,58,0,0,0,0,3,1
CA,0,219.0,2,246,0,0,0,0,0,0
DF,HENIB,40.669014,-74.183492,0, ,0.0,0.0,0,0,0,0,0,0,0,0
TF,KILMA,40.486028,-74.402450,0, ,0.0,0.0,0.0,0.0,2,3000,0,0,0,0,0,1
HM,KILMA,40.486028,-74.402450,2, ,0.0,0.0,72.0,04,0,0,0,0,0,0,0,0,0

APPTR,R04L,04L,KILMA
IF,KILMA,40.486028,-74.402450, ,0.0,0.0,0,0,0,0,0,0,1,0
TF,TOCUB,40.499928,-74.290561,0, ,0.0,0.0,0.0,0.0,2,2800,0,0,0,0,1,0

FINAL,R04L,04L,G,3
IF,TOCUB,40.499928,-74.290561, ,0.0,0.0,2,2800,0,0,0,0,0,0
TF,SWICH,40.590281,-74.233422,0, ,0.0,0.0,39.0,6.0,2,2000,0,0,0,0,2,0
TF,RW04L,40.681656,-74.175461,0, ,0.0,0.0,39.0,6.1,1,62,0,0,0,0,3,1
CA,0,39.0,2,440,0,0,0,0,0,0
DF,JEVAP,40.763833,-74.079389,0, ,0.0,0.0,0,0,0,0,0,0,0,0
TF,TEB,40.848719,-74.062242,0, ,0.0,0.0,0.0,0.0,2,2500,0,0,0,0,0,1
HM,TEB,40.848719,-74.062242,2, ,0.0,0.0,157.0,04,0,0,0,0,0,0,0,0,0

APPTR,R04RY,04R,KILMA
IF,KILMA,40.486028,-74.402450, ,0.0,0.0,0,0,0,0,0,0,1,0
TF,ISACE,40.514489,-74.277617,0, ,0.0,0.0,0.0,0.0,2,2800,0,0,0,0,1,0

FINAL,R04RY,04R,G,3
IF,ISACE,40.514489,-74.277617, ,0.0,0.0,2,2800,0,0,0,0,0,0
TF,COWWE,40.604628,-74.220553,0, ,0.0,0.0,39.0,6.0,2,1700,0,0,0,0,2,0
TF,RW04R,40.680525,-74.172375,0, ,0.0,0.0,39.0,5.1,1,66,0,0,0,0,3,1
CA,0,39.0,2,357,0,0,0,0,0,0
DF,CANBO,40.718050,-74.148511,0, ,0.0,0.0,0,0,0,0,0,0,0,0
TF,MOSME,40.742522,-74.091928,0, ,0.0,0.0,0.0,0.0,0,0,0,0,0,0,0,0
TF,TEB,40.848719,-74.062242,0, ,0.0,0.0,0.0,0.0,2,2500,0,0,0,0,0,1
HM,TEB,40.848719,-74.062242,2, ,0.0,0.0,157.0,04,0,0,0,0,0,0,0,0,0

APPTR,R04RZ,04R,KILMA
IF,KILMA,40.486028,-74.402450, ,0.0,0.0,3,4000,0,0,0,0,1,0
TF,ISACE,40.514489,-74.277617,0, ,0.0,0.0,0.0,0.0,1,2800,0,0,0,0,1,0

FINAL,R04RZ,04R,G,3
IF,ISACE,40.514489,-74.277617, ,0.0,0.0,1,2800,0,0,0,0,0,0
TF,COWWE,40.604628,-74.220553,0, ,0.0,0.0,39.0,6.0,2,1700,0,0,0,0,2,0
TF,RW04R,40.680525,-74.172375,0, ,0.0,0.0,39.0,5.1,1,66,0,0,0,0,3,1
CA,0,39.0,2,380,0,0,0,0,0,0
DF,CANBO,40.718050,-74.148511,0, ,0.0,0.0,0,0,0,0,0,0,0,0
TF,MOSME,40.742522,-74.091928,0, ,0.0,0.0,0.0,0.0,0,0,0,0,0,0,0,0
TF,TEB,40.848719,-74.062242,0, ,0.0,0.0,0.0,0.0,2,2500,0,0,0,0,0,1
HM,TEB,40.848719,-74.062242,2, ,0.0,0.0,157.0,04,0,0,0,0,0,0,0,0,0

FINAL,R11,11,G,3
IF,MUFIE,40.717181,-74.399058, ,0.0,0.0,2,2000,0,0,0,0,0,0
TF,JETVY,40.709278,-74.278958,0, ,0.0,0.0,108.0,5.5,2,1500,0,0,0,0,2,0
TF,RW11,40.702806,-74.180708,0, ,0.0,0.0,108.0,4.5,1,70,0,0,0,0,3,1
CA,0,108.0,2,417,0,0,0,0,0,0
DF,DIRMY,40.563394,-74.470369,2, ,0.0,0.0,2,3000,0,0,0,0,0,1
HM,DIRMY,40.563394,-74.470369,2, ,0.0,0.0,61.0,04,0,0,0,0,0,0,0,0,0

FINAL,R22LY,22L,G,4
IF,HEVNU,40.900514,-74.032042, ,0.0,0.0,2,3000,0,0,0,0,0,0
TF,CUBMO,40.839461,-74.071081,0, ,0.0,0.0,219.0,4.1,1,3000,0,0,0,0,0,0
TF,OSUSE,40.813164,-74.087878,0, ,0.0,0.0,219.0,1.8,2,2500,0,0,0,0,2,0
TF,RW22L,40.697861,-74.161353,0, ,0.0,0.0,219.0,7.7,1,54,0,0,0,0,3,1
CA,0,219.0,2,600,0,0,0,0,0,0
DF,KILMA,40.486028,-74.402450,0, ,0.0,0.0,2,3000,0,0,0,0,0,1
HM,KILMA,40.486028,-74.402450,2, ,0.0,0.0,72.0,04,0,0,0,0,0,0,0,0,0

FINAL,R22LZ,22L,G,5
IF,HEVNU,40.900514,-74.032042, ,0.0,0.0,2,3000,0,0,0,0,0,0
TF,CUBMO,40.839461,-74.071081,0, ,0.0,0.0,219.0,4.1,2,3000,0,0,0,0,0,0
TF,OSUSE,40.813164,-74.087878,0, ,0.0,0.0,219.0,1.8,2,2500,0,0,0,0,2,0
TF,JINLA,40.745892,-74.130781,0, ,0.0,0.0,219.0,4.5,2,1080,0,0,0,0,0,0
TF,RW22L,40.697861,-74.161353,0, ,0.0,0.0,219.0,3.2,1,54,0,0,0,0,3,1
CA,0,219.0,2,600,0,0,0,0,0,0
DF,KILMA,40.486028,-74.402450,2, ,0.0,0.0,2,3000,0,0,0,0,0,1
HM,KILMA,40.486028,-74.402450,2, ,0.0,0.0,72.0,04,0,0,0,0,0,0,0,0,0

APPTR,R22R,22R,GIBTE
IF,GIBTE,40.901933,-74.034983, ,0.0,0.0,2,3000,0,0,0,0,1,0
TF,NICIS,40.840722,-74.074125,0, ,0.0,0.0,0.0,0.0,2,3000,0,0,0,0,0,0

FINAL,R22R,22R,G,4
IF,NICIS,40.840722,-74.074125, ,0.0,0.0,2,3000,0,0,0,0,0,0
TF,IDACE,40.811689,-74.092661,0, ,0.0,0.0,219.0,1.9,2,2500,0,0,0,0,2,0
TF,LITBE,40.745578,-74.134803,0, ,0.0,0.0,219.0,4.4,2,1040,0,0,0,0,0,0
TF,RW22R,40.699000,-74.164436,0, ,0.0,0.0,219.0,3.1,1,58,0,0,0,0,3,1
CA,0,219.0,2,361,0,0,0,0,0,0
DF,HENIB,40.669014,-74.183492,0, ,0.0,0.0,0,0,0,0,0,0,0,0
TF,KILMA,40.486028,-74.402450,0, ,0.0,0.0,0.0,0.0,2,3000,0,0,0,0,0,1
HM,KILMA,40.486028,-74.402450,2, ,0.0,0.0,72.0,04,0,0,0,0,0,0,0,0,0

APPTR,R29-X,29,CASHH
IF,CASHH,40.425603,-74.186597, ,0.0,0.0,0,0,0,0,0,0,1,0
TF,ZIAAA,40.510236,-74.097281,0, ,0.0,0.0,0.0,0.0,2,3000,0,0,0,0,0,0
TF,PIJAY,40.565597,-74.038008,0, ,0.0,0.0,0.0,0.0,2,2000,0,1,210,0,0,0
TF,UJODY,40.656767,-74.045542,0, ,0.0,0.0,0.0,0.0,2,2000,0,0,0,0,1,0

APPTR,R29-X,29,FLIKR
IF,FLIKR,40.380031,-74.251092, ,0.0,0.0,0,0,0,0,0,0,0,0
TF,CASHH,40.425603,-74.186597,0, ,0.0,0.0,0.0,0.0,2,3000,0,0,0,0,1,0
TF,ZIAAA,40.510236,-74.097281,0, ,0.0,0.0,0.0,0.0,2,3000,0,0,0,0,0,0
TF,PIJAY,40.565597,-74.038008,0, ,0.0,0.0,0.0,0.0,2,2000,0,1,210,0,0,0
TF,UJODY,40.656767,-74.045542,0, ,0.0,0.0,0.0,0.0,2,2000,0,0,0,0,1,0

APPTR,R29-X,29,PIJAY
IF,PIJAY,40.565597,-74.038008, ,0.0,0.0,0,0,0,1,210,0,1,0
TF,UJODY,40.656767,-74.045542,0, ,0.0,0.0,0.0,0.0,2,2000,0,0,0,0,1,0

APPTR,R29-X,29,ZIAAA
IF,ZIAAA,40.510236,-74.097281, ,0.0,0.0,0,0,0,0,0,0,1,0
TF,PIJAY,40.565597,-74.038008,0, ,0.0,0.0,0.0,0.0,2,2000,0,1,210,0,0,0
TF,UJODY,40.656767,-74.045542,0, ,0.0,0.0,0.0,0.0,2,2000,0,0,0,0,1,0

FINAL,R29-X,29,G,3
IF,UJODY,40.656767,-74.045542, ,0.0,0.0,2,2000,0,0,0,0,0,0
TF,STATU,40.684906,-74.081922,0, ,0.0,0.0,328.0,2.4,2,1400,0,0,0,0,2,0
TF,ISERE,40.700525,-74.146425,0, ,0.0,0.0,301.0,3.1,1,253,0,0,0,0,3,1
CA,0,301.0,2,417,0,0,0,0,0,0
DF,DWIZZ,40.596658,-74.406544,0, ,0.0,0.0,2,2000,0,0,0,0,0,1
HM,DWIZZ,40.596658,-74.406544,1, ,0.0,0.0,248.0,04,0,0,0,0,0,0,0,0,0

FINAL,R29-Y,29,G,5
IF,TETER,40.866550,-74.062867, ,0.0,0.0,2,3000,0,0,0,0,0,0
TF,GIMEE,40.813131,-74.087903,0, ,0.0,0.0,213.0,3.4,2,2500,0,1,200,0,0,0
RF,JIMLO,40.758542,-74.069925,1,UGAQO,216.5,3.0,2,2500,0,0,0,0,2,0
RF,COPKO,40.697750,-74.104958,2,XODYU,288.0,2.1,0,0,0,0,0,0,0,0
TF,RW29,40.701253,-74.157347,0, ,0.0,0.0,288.0,2.4,1,70,0,0,0,0,3,1
TF,MUFIE,40.717181,-74.399058,0, ,0.0,0.0,0.0,0.0,2,2000,0,0,0,0,0,1
HM,MUFIE,40.717181,-74.399058,2, ,0.0,0.0,108.0,04,0,0,0,0,0,0,0,0,0

APPTR,R29-Z,29,KILMA
IF,KILMA,40.486028,-74.402450, ,0.0,0.0,0,0,0,0,0,0,1,0
TF,GRITY,40.515589,-74.276931,0, ,0.0,0.0,0.0,0.0,2,3000,0,0,0,0,0,0
TF,COWWE,40.604628,-74.220553,0, ,0.0,0.0,0.0,0.0,2,3000,0,1,230,0,0,0

FINAL,R29-Z,29,G,6
IF,COWWE,40.604628,-74.220553, ,0.0,0.0,2,3000,0,1,230,0,0,0
RF,NNICK,40.642578,-74.149589,2,CFBNR,97.0,4.1,2,3000,0,0,0,0,2,0
TF,CORTO,40.646028,-74.105539,0, ,0.0,0.0,97.0,2.0,0,0,0,0,0,0,0,0
RF,GOLSN,40.652661,-74.086036,1,CFBNQ,354.4,1.6,0,0,0,0,0,0,0,0
RF,HALPA,40.697825,-74.106028,1,CFBNQ,288.0,1.6,0,0,0,0,0,0,0,0
TF,RW29,40.701253,-74.157347,0, ,0.0,0.0,288.0,2.4,1,70,0,0,0,0,3,1
TF,JETVY,40.709278,-74.278958,0, ,0.0,0.0,0.0,0.0,0,0,0,0,0,0,0,0
RF,FIRSI,40.677867,-74.366675,1,CFBNS,227.5,4.4,0,0,0,0,0,0,0,0
TF,DIRMY,40.563394,-74.470369,0, ,0.0,0.0,0.0,0.0,2,3000,0,0,0,0,0,1
HM,DIRMY,40.563394,-74.470369,2, ,0.0,0.0,61.0,04,0,0,0,0,0,0,0,0,0

FINAL,S11,11,D,4
IF,PINEZ,40.738750,-74.394697,JFK,294.8,29.2,2,2000,0,0,0,0,0,0
CF,LOCKI,40.718494,-74.273731,0,JFK,294.8,23.5,115.0,5.7,1,1500,0,0,0,0,2,0
CF,DCOTA,40.713094,-74.241628,0,JFK,294.8,22.0,115.0,1.5,2,1000,0,0,0,0,0,0
CF,RW11,40.702806,-74.180708,0,JFK,294.8,19.2,115.0,2.8,1,70,0,0,0,0,3,0
CA,0,115.0,2,417,0,0,0,0,0,0
DF,SAX,41.067544,-74.538314,1, ,0.0,0.0,2,3000,0,0,0,0,0,0
HM,SAX,41.067544,-74.538314,2, ,0.0,0.0,324.0,04.3,0,0,0,0,0,0,0,0,0

