SID,BETTE4,ALL,2
IF,BETTE,40.559239,-73.011725, ,0.0,0.0,0,0,0,0,0,0,0,0

SID,DEEZZ4,04L,4
VA,0,45.0,2,520,0,0,0,0,0,0
VM,0,0,0,100.0,0,0,0,0,0,0,0,0
DF,DEEZZ,41.114444,-73.777778,0, ,0.0,0.0,0,0,0,0,0,0,0,0

SID,DEEZZ4,04R,4
VA,0,45.0,2,520,0,0,0,0,0,0
VM,0,0,0,100.0,0,0,0,0,0,0,0,0
DF,DEEZZ,41.114444,-73.777778,0, ,0.0,0.0,0,0,0,0,0,0,0,0

SID,DEEZZ4,13L,4
VA,0,135.0,2,520,0,0,0,0,0,0
VM,0,0,0,110.0,0,0,0,0,0,0,0,0
DF,DEEZZ,41.114444,-73.777778,0, ,0.0,0.0,0,0,0,0,0,0,0,0

SID,DEEZZ4,13R,4
VA,0,135.0,2,520,0,0,0,0,0,0
VM,0,0,0,110.0,0,0,0,0,0,0,0,0
DF,DEEZZ,41.114444,-73.777778,0, ,0.0,0.0,0,0,0,0,0,0,0,0

SID,DEEZZ4,22L,4
VM,0,0,0,225.0,0,0,0,0,0,0,0,0
DF,DEEZZ,41.114444,-73.777778,0, ,0.0,0.0,0,0,0,0,0,0,0,0

SID,DEEZZ4,22R,4
VM,0,0,0,225.0,0,0,0,0,0,0,0,0
DF,DEEZZ,41.114444,-73.777778,0, ,0.0,0.0,0,0,0,0,0,0,0,0

SID,DEEZZ4,31L,4
VI,0, ,0.0,315.0,0,0,0,0,0,0,0,0
CF,SKORR,40.609989,-73.897119,0,ORW,251.2,103.1,238.0,4.0,0,0,0,0,0,0,0,0
TF,CESID,40.552028,-73.883283,0, ,0.0,0.0,0.0,0.0,2,2500,0,0,0,0,0,0
TF,YNKEE,40.483583,-73.849217,0, ,0.0,0.0,0.0,0.0,0,0,0,0,0,0,0,1
VM,0,0,0,173.0,0,0,0,0,0,0,0,0
DF,DEEZZ,41.114444,-73.777778,0, ,0.0,0.0,0,0,0,0,0,0,0,0

SID,DEEZZ4,31R,4
VI,0, ,0.0,315.0,0,0,0,0,0,0,0,0
CF,SKORR,40.609989,-73.897119,0,ORW,251.2,103.1,243.0,5.2,0,0,0,0,0,0,0,0
TF,CESID,40.552028,-73.883283,0, ,0.0,0.0,0.0,0.0,2,2500,0,0,0,0,0,0
TF,YNKEE,40.483583,-73.849217,0, ,0.0,0.0,0.0,0.0,0,0,0,0,0,0,0,1
VM,0,0,0,173.0,0,0,0,0,0,0,0,0
DF,DEEZZ,41.114444,-73.777778,0, ,0.0,0.0,0,0,0,0,0,0,0,0

SID,DEEZZ4,ALL,5
IF,DEEZZ,41.114444,-73.777778, ,0.0,0.0,0,0,0,0,0,0,0,0
TF,HEERO,41.168856,-74.115581,0, ,0.0,0.0,0.0,0.0,0,0,0,0,0,0,0,0

SID,DEEZZ4,CANDR,6
IF,HEERO,41.168856,-74.115581, ,0.0,0.0,0,0,0,0,0,0,0,0
TF,KURNL,41.201306,-74.458436,0, ,0.0,0.0,0.0,0.0,0,0,0,0,0,0,0,0
TF,CANDR,40.970986,-74.959828,0, ,0.0,0.0,0.0,0.0,0,0,0,0,0,0,0,0

SID,DEEZZ4,TOWIN,6
IF,HEERO,41.168856,-74.115581, ,0.0,0.0,0,0,0,0,0,0,0,0
TF,KURNL,41.201306,-74.458436,0, ,0.0,0.0,0.0,0.0,0,0,0,0,0,0,0,0
TF,CANDR,40.970986,-74.959828,0, ,0.0,0.0,0.0,0.0,0,0,0,0,0,0,0,0
TF,TOWIN,40.535211,-75.400378,0, ,0.0,0.0,0.0,0.0,0,0,0,0,0,0,0,0

SID,GREKI4,ALL,2
IF,JFK,40.632889,-73.771389, ,0.0,0.0,0,0,0,0,0,0,0,0

SID,GREKI4,JUDDS,3
IF,JFK,40.632889,-73.771389, ,0.0,0.0,0,0,0,0,0,0,0,0
TF,GREKI,41.480008,-73.314161,0, ,0.0,0.0,0.0,0.0,0,0,0,0,0,0,0,0
TF,JUDDS,41.634672,-73.108244,0, ,0.0,0.0,0.0,0.0,0,0,0,0,0,0,0,0

SID,HAPIE4,ALL,2
IF,HAPIE,40.386517,-72.982675, ,0.0,0.0,0,0,0,0,0,0,0,0

SID,JFK3,04L,1
VA,0,45.0,2,420,0,0,0,0,0,0
VM,0,0,0,100.0,0,0,0,0,0,0,0,0

SID,JFK3,04R,1
VA,0,45.0,2,420,0,0,0,0,0,0
VM,0,0,0,100.0,0,0,0,0,0,0,0,0

SID,JFK3,13L,1
VA,0,135.0,2,420,0,0,0,0,0,0
VM,0,0,0,135.0,0,0,0,0,0,0,0,0

SID,JFK3,13R,1
VA,0,135.0,2,420,0,0,0,0,0,0
VM,0,0,0,135.0,0,0,0,0,0,0,0,0

SID,JFK3,22L,1
VA,0,225.0,2,420,0,0,0,0,0,0
VM,0,0,0,225.0,0,0,0,0,0,0,0,0

SID,JFK3,22R,1
VA,0,225.0,2,420,0,0,0,0,0,0
VM,0,0,0,225.0,0,0,0,0,0,0,0,0

SID,JFK3,31L,1
CA,0,315.0,2,420,0,0,0,0,0,0
DF,CRI,40.612472,-73.894444,1, ,0.0,0.0,0,0,0,0,0,0,0,0

SID,JFK3,31R,1
CA,0,315.0,2,420,0,0,0,0,0,0
DF,CRI,40.612472,-73.894444,1, ,0.0,0.0,0,0,0,0,0,0,0,0

SID,MERIT4,ALL,2
IF,JFK,40.632889,-73.771389, ,0.0,0.0,0,0,0,0,0,0,0,0

SID,MERIT4,PUT,3
IF,JFK,40.632889,-73.771389, ,0.0,0.0,0,0,0,0,0,0,0,0
TF,MERIT,41.381950,-73.137431,0, ,0.0,0.0,0.0,0.0,0,0,0,0,0,0,0,0
TF,HFD,41.641106,-72.547417,0, ,0.0,0.0,0.0,0.0,0,0,0,0,0,0,0,0
TF,PUT,41.955461,-71.844094,0, ,0.0,0.0,0.0,0.0,0,0,0,0,0,0,0,0

SID,SKORR3,31L,4
VA,0,315.0,2,420,0,0,0,0,0,0
CF,SKORR,40.609989,-73.897119,0,JFK,268.6,5.9,239.0,4.0,0,0,0,0,0,0,0,0

SID,SKORR3,31R,4
VA,0,315.0,2,420,0,0,0,0,0,0
CF,SKORR,40.609989,-73.897119,0,JFK,268.6,5.9,244.0,5.3,0,0,0,0,0,0,0,0

SID,SKORR3,RNGRR,6
IF,SKORR,40.609989,-73.897119, ,0.0,0.0,0,0,0,0,0,0,0,0
TF,METSS,40.563967,-73.934178,0, ,0.0,0.0,0.0,0.0,2,2500,0,0,0,0,0,0
TF,RNGRR,40.230164,-74.205747,0, ,0.0,0.0,0.0,0.0,0,0,0,0,0,0,0,0

SID,SKORR3,YNKEE,6
IF,SKORR,40.609989,-73.897119, ,0.0,0.0,0,0,0,0,0,0,0,0
TF,CESID,40.552028,-73.883283,0, ,0.0,0.0,0.0,0.0,2,2500,0,0,0,0,0,0
TF,YNKEE,40.483583,-73.849217,0, ,0.0,0.0,0.0,0.0,0,0,0,0,0,0,0,0

STAR,CAMRN4,ALL,2
IF,SIE,39.095508,-74.800344, ,0.0,0.0,0,0,0,0,0,0,0,0
TF,BOTON,39.414472,-74.454744,0, ,0.0,0.0,0.0,0.0,0,0,0,0,0,0,0,0
TF,HOGGS,39.582847,-74.270575,0, ,0.0,0.0,0.0,0.0,0,0,0,0,0,0,0,0
TF,PANZE,39.675994,-74.168181,0, ,0.0,0.0,0.0,0.0,0,0,0,0,0,0,0,0
TF,KARRS,39.840872,-73.985989,0, ,0.0,0.0,0.0,0.0,0,0,0,0,0,0,0,0
TF,CAMRN,40.017303,-73.861058,0, ,0.0,0.0,0.0,0.0,0,0,0,0,0,0,0,0

STAR,IGN1,ALL,2
IF,IGN,41.665450,-73.822225, ,0.0,0.0,0,0,0,0,0,0,0,0
TF,LOLLY,41.385503,-74.063483,0, ,0.0,0.0,0.0,0.0,0,0,0,0,0,0,0,0
TF,DOORE,41.028178,-74.367703,0, ,0.0,0.0,0.0,0.0,0,0,0,0,0,0,0,0
TF,LENDY,40.914836,-74.135258,0, ,0.0,0.0,0.0,0.0,0,0,0,0,0,0,0,0
TF,LGA,40.783717,-73.868600,0, ,0.0,0.0,0.0,0.0,0,0,0,0,0,0,0,1
FM,LGA,40.783717,-73.868600,0,LGA,0.0,0.0,135.0,0,0,0,0,0,0,0,0

STAR,LENDY6,ALL,2
IF,LVZ,41.272803,-75.689467, ,0.0,0.0,0,0,0,0,0,0,0,0
TF,JENNO,41.152925,-75.331408,0, ,0.0,0.0,0.0,0.0,0,0,0,0,0,0,0,0
TF,HARTY,41.071189,-75.089894,0, ,0.0,0.0,0.0,0.0,0,0,0,0,0,0,0,0
TF,STW,40.995819,-74.869031,0, ,0.0,0.0,0.0,0.0,0,0,0,0,0,0,0,0
TF,LENDY,40.914836,-74.135258,0, ,0.0,0.0,0.0,0.0,0,0,0,0,0,0,0,0
TF,LGA,40.783717,-73.868600,0, ,0.0,0.0,0.0,0.0,0,0,0,0,0,0,0,0

STAR,PARCH2,ENE,4
IF,ENE,43.425672,-70.613525, ,0.0,0.0,0,0,0,0,0,0,0,0
TF,ASPEN,42.815986,-70.911497,0, ,0.0,0.0,0.0,0.0,0,0,0,0,0,0,0,0
TF,PVD,41.724439,-71.429719,0, ,0.0,0.0,0.0,0.0,0,0,0,0,0,0,0,0
TF,TRAIT,41.284653,-71.917597,0, ,0.0,0.0,0.0,0.0,0,0,0,0,0,0,0,0
TF,PARCH,41.099228,-72.120739,0, ,0.0,0.0,0.0,0.0,0,0,0,0,0,0,0,0

STAR,PARCH2,PLYMM,4
IF,PLYMM,42.043747,-70.426917, ,0.0,0.0,0,0,0,0,0,0,0,0
TF,PVD,41.724439,-71.429719,0, ,0.0,0.0,0.0,0.0,0,0,0,0,0,0,0,0
TF,TRAIT,41.284653,-71.917597,0, ,0.0,0.0,0.0,0.0,0,0,0,0,0,0,0,0
TF,PARCH,41.099228,-72.120739,0, ,0.0,0.0,0.0,0.0,0,0,0,0,0,0,0,0

STAR,PARCH2,SEY,4
IF,SEY,41.167436,-71.576086, ,0.0,0.0,0,0,0,0,0,0,0,0
TF,PARCH,41.099228,-72.120739,0, ,0.0,0.0,0.0,0.0,0,0,0,0,0,0,0,0

STAR,PARCH2,ALL,5
IF,PARCH,41.099228,-72.120739, ,0.0,0.0,0,0,0,0,0,0,0,0
TF,CCC,40.929617,-72.798858,0, ,0.0,0.0,0.0,0.0,0,0,0,0,0,0,0,0
TF,ROBER,40.685464,-73.032611,0, ,0.0,0.0,0.0,0.0,0,0,0,0,0,0,0,0

STAR,PARCH2,04L,6
IF,ROBER,40.685464,-73.032611, ,0.0,0.0,0,0,0,0,0,0,0,0
TF,JFK,40.632889,-73.771389,0, ,0.0,0.0,0.0,0.0,0,0,0,0,0,0,0,1
VM,40.639925,-73.778694,0,279.0,0,0,0,0,0,0,0,0

STAR,PARCH2,04R,6
IF,ROBER,40.685464,-73.032611, ,0.0,0.0,0,0,0,0,0,0,0,0
TF,JFK,40.632889,-73.771389,0, ,0.0,0.0,0.0,0.0,0,0,0,0,0,0,0,1
VM,40.639925,-73.778694,0,279.0,0,0,0,0,0,0,0,0

STAR,PARCH2,13L,6
IF,ROBER,40.685464,-73.032611, ,0.0,0.0,0,0,0,0,0,0,0,0
TF,JFK,40.632889,-73.771389,0, ,0.0,0.0,0.0,0.0,0,0,0,0,0,0,0,1
VM,40.639925,-73.778694,0,279.0,0,0,0,0,0,0,0,0

STAR,PARCH2,13R,6
IF,ROBER,40.685464,-73.032611, ,0.0,0.0,0,0,0,0,0,0,0,0
TF,JFK,40.632889,-73.771389,0, ,0.0,0.0,0.0,0.0,0,0,0,0,0,0,0,1
VM,40.639925,-73.778694,0,279.0,0,0,0,0,0,0,0,0

STAR,PARCH2,22L,6
IF,ROBER,40.685464,-73.032611, ,0.0,0.0,0,0,0,0,0,0,0,0
TF,CRAIL,40.686967,-73.343411,0, ,0.0,0.0,0.0,0.0,0,0,0,0,0,0,0,0
TF,CAPIT,40.760553,-73.630406,0, ,0.0,0.0,0.0,0.0,0,0,0,0,0,0,0,1
VM,40.639925,-73.778694,0,303.0,0,0,0,0,0,0,0,0

STAR,PARCH2,22R,6
IF,ROBER,40.685464,-73.032611, ,0.0,0.0,0,0,0,0,0,0,0,0
TF,CRAIL,40.686967,-73.343411,0, ,0.0,0.0,0.0,0.0,0,0,0,0,0,0,0,0
TF,CAPIT,40.760553,-73.630406,0, ,0.0,0.0,0.0,0.0,0,0,0,0,0,0,0,1
VM,40.639925,-73.778694,0,303.0,0,0,0,0,0,0,0,0

STAR,PARCH2,31L,6
IF,ROBER,40.685464,-73.032611, ,0.0,0.0,0,0,0,0,0,0,0,0
TF,JFK,40.632889,-73.771389,0, ,0.0,0.0,0.0,0.0,0,0,0,0,0,0,0,1
VM,40.639925,-73.778694,0,279.0,0,0,0,0,0,0,0,0

STAR,PARCH2,31R,6
IF,ROBER,40.685464,-73.032611, ,0.0,0.0,0,0,0,0,0,0,0,0
TF,JFK,40.632889,-73.771389,0, ,0.0,0.0,0.0,0.0,0,0,0,0,0,0,0,1
VM,40.639925,-73.778694,0,279.0,0,0,0,0,0,0,0,0

STAR,PWL2,ALB,1
IF,ALB,42.747281,-73.803186, ,0.0,0.0,0,0,0,0,0,0,0,0
TF,ATHOS,42.247081,-73.812100,0, ,0.0,0.0,0.0,0.0,0,0,0,0,0,0,0,0
TF,PWL,41.769772,-73.600553,0, ,0.0,0.0,0.0,0.0,0,0,0,0,0,0,0,0

STAR,PWL2,DNY,1
IF,DNY,42.178281,-74.956942, ,0.0,0.0,0,0,0,0,0,0,0,0
TF,PETER,42.205258,-74.530625,0, ,0.0,0.0,0.0,0.0,0,0,0,0,0,0,0,0
TF,ATHOS,42.247081,-73.812100,0, ,0.0,0.0,0.0,0.0,0,0,0,0,0,0,0,0
TF,PWL,41.769772,-73.600553,0, ,0.0,0.0,0.0,0.0,0,0,0,0,0,0,0,0

STAR,PWL2,RKA,1
IF,RKA,42.466364,-75.239308, ,0.0,0.0,0,0,0,0,0,0,0,0
TF,PETER,42.205258,-74.530625,0, ,0.0,0.0,0.0,0.0,0,0,0,0,0,0,0,0
TF,ATHOS,42.247081,-73.812100,0, ,0.0,0.0,0.0,0.0,0,0,0,0,0,0,0,0
TF,PWL,41.769772,-73.600553,0, ,0.0,0.0,0.0,0.0,0,0,0,0,0,0,0,0

STAR,PWL2,ALL,2
IF,PWL,41.769772,-73.600553, ,0.0,0.0,0,0,0,0,0,0,0,0
TF,LOVES,41.538789,-73.488094,0, ,0.0,0.0,0.0,0.0,0,0,0,0,0,0,0,0
TF,BDR,41.160694,-73.124497,0, ,0.0,0.0,0.0,0.0,0,0,0,0,0,0,0,0
TF,BELTT,41.063503,-72.987089,0, ,0.0,0.0,0.0,0.0,0,0,0,0,0,0,0,0
TF,DPK,40.791750,-73.303658,0, ,0.0,0.0,0.0,0.0,0,0,0,0,0,0,0,0

STAR,ROBER2,ENE,1
IF,ENE,43.425672,-70.613525, ,0.0,0.0,0,0,0,0,0,0,0,0
TF,ASPEN,42.815986,-70.911497,0, ,0.0,0.0,0.0,0.0,0,0,0,0,0,0,0,0
TF,PVD,41.724439,-71.429719,0, ,0.0,0.0,0.0,0.0,0,0,0,0,0,0,0,0
TF,TRAIT,41.284653,-71.917597,0, ,0.0,0.0,0.0,0.0,0,0,0,0,0,0,0,0
TF,PARCH,41.099228,-72.120739,0, ,0.0,0.0,0.0,0.0,0,0,0,0,0,0,0,0

STAR,ROBER2,SEY,1
IF,SEY,41.167436,-71.576086, ,0.0,0.0,0,0,0,0,0,0,0,0
TF,PARCH,41.099228,-72.120739,0, ,0.0,0.0,0.0,0.0,0,0,0,0,0,0,0,0

STAR,ROBER2,ALL,2
IF,PARCH,41.099228,-72.120739, ,0.0,0.0,0,0,0,0,0,0,0,0
TF,CCC,40.929617,-72.798858,0, ,0.0,0.0,0.0,0.0,0,0,0,0,0,0,0,0
TF,ROBER,40.685464,-73.032611,0, ,0.0,0.0,0.0,0.0,0,0,0,0,0,0,0,0
TF,JFK,40.632889,-73.771389,0, ,0.0,0.0,0.0,0.0,0,0,0,0,0,0,0,0

APPTR,D22L,22L,DPK
IF,DPK,40.791750,-73.303658, ,0.0,0.0,0,0,0,0,0,0,1,0
TF,CAPIT,40.760553,-73.630406,0, ,0.0,0.0,0.0,0.0,2,2500,0,0,0,0,0,0
TF,WUGAL,40.722272,-73.672758,0, ,0.0,0.0,0.0,0.0,2,2000,0,0,0,0,0,0

FINAL,D22L,22L,D,4
IF,WUGAL,40.722272,-73.672758,JFK,52.0,7.0,2,2000,0,0,0,0,0,0
CF,RUSHY,40.696742,-73.700964,0,JFK,52.0,5.0,232.0,2.0,2,1400,0,0,0,0,2,0
CF,CEMUG,40.671208,-73.729150,0,JFK,52.0,3.0,232.0,2.0,2,600,0,0,0,0,0,0
CF,MAHAL,40.654606,-73.747458,0,JFK,52.0,1.7,232.0,1.3,1,298,0,0,0,0,3,0
CA,0,232.0,2,413,0,0,0,0,0,0
CF,CHANT,40.316192,-73.756942,0,JFK,190.0,19.0,190.0,19.0,2,3000,0,0,0,0,0,0
HM,CHANT,40.316192,-73.756942,2, ,0.0,0.0,10.0,04.3,0,0,0,0,0,0,0,0,0

FINAL,I04L,04L,I,3
IF,AROKE,40.472378,-73.902111,IHIQ,224.8,12.5,2,2000,0,0,0,0,0,0
CF,KRSTL,40.558722,-73.834969,0,IHIQ,224.8,6.5,45.0,6.0,1,1500,0,0,0,0,2,0
CF,RW04L,40.623106,-73.784736,0,IHIQ,224.8,2.0,45.0,4.5,1,69,0,0,0,0,3,1
CA,0,45.0,2,2000,0,0,0,0,0,0
CF,DUFFY,40.791111,-73.522608,0,JFK,62.0,14.8,62.0,12.0,2,3000,0,0,0,0,0,0
HM,DUFFY,40.791111,-73.522608,1, ,0.0,0.0,242.0,04.3,0,0,0,0,0,0,0,0,0

FINAL,I04R,04R,I,3
IF,ZETAL,40.489944,-73.875925,IJFK,224.8,11.0,2,2000,0,0,0,0,0,0
CF,EBBEE,40.560811,-73.820764,0,IJFK,224.8,6.1,45.0,4.9,1,1500,0,0,0,0,2,0
CF,RW04R,40.625425,-73.770347,0,IJFK,224.8,1.6,45.0,4.5,1,65,0,0,0,0,3,0
CA,0,45.0,2,800,0,0,0,0,0,0
VI,0, ,0.0,100.0,0,0,0,0,0,0,0,0
CF,DPK,40.791750,-73.303658,0,DPK,0.0,0.0,41.0,8.0,2,4000,0,0,0,0,0,0
HM,DPK,40.791750,-73.303658,1, ,0.0,0.0,258.0,04.3,0,0,0,0,0,0,0,0,0

APPTR,I13L,13L,BUZON
IF,BUZON,40.715094,-73.984164, ,0.0,0.0,0,0,0,0,0,0,1,0
CF,TELEX,40.711797,-73.909681,0,ITLK,314.8,8.2,107.0,3.4,2,2100,0,0,0,0,1,0

APPTR,I13L,13L,COVIR
IF,COVIR,40.446289,-74.026639, ,0.0,0.0,0,0,0,0,0,0,1,0
TF,KMCHI,40.625322,-74.043967,0, ,0.0,0.0,0.0,0.0,2,2900,0,0,0,0,0,0
TF,BUZON,40.715094,-73.984164,0, ,0.0,0.0,0.0,0.0,2,2900,0,0,0,0,0,0
CF,TELEX,40.711797,-73.909681,0,ITLK,314.8,8.2,107.0,3.4,2,2100,0,0,0,0,1,0

APPTR,I13L,13L,KMCHI
IF,KMCHI,40.625322,-74.043967, ,0.0,0.0,0,0,0,0,0,0,1,0
TF,BUZON,40.715094,-73.984164,0, ,0.0,0.0,0.0,0.0,2,2900,0,0,0,0,0,0
CF,TELEX,40.711797,-73.909681,0,ITLK,314.8,8.2,107.0,3.4,2,2100,0,0,0,0,1,0

FINAL,I13L,13L,I,3
IF,TELEX,40.711797,-73.909681,ITLK,314.8,8.2,2,2100,0,0,0,0,0,0
CF,CAXUN,40.694769,-73.871994,0,ITLK,314.8,6.2,135.0,2.0,1,1500,0,0,0,0,2,0
CF,RW13L,40.656494,-73.787436,0,ITLK,314.8,1.7,135.0,4.5,1,70,0,0,0,0,3,0
CA,0,135.0,2,600,0,0,0,0,0,0
DF,DPK,40.791750,-73.303658,1, ,0.0,0.0,2,4000,0,0,0,0,0,0
HM,DPK,40.791750,-73.303658,1, ,0.0,0.0,258.0,04.3,0,0,0,0,0,0,0,0,0

APPTR,I22L,22L,DPK
FC,DPK,40.791750,-73.303658,0,DPK,0.0,0.0,283.0,11.1,2,3000,0,0,0,0,1,0
CF,ROSLY,40.797169,-73.635678,0,IIWY,44.8,12.1,283.0,4.0,2,3000,0,0,0,0,0,0

FINAL,I22L,22L,I,3
IF,ROSLY,40.797169,-73.635678,IIWY,44.8,12.1,2,3000,0,0,0,0,0,0
CF,ZALPO,40.722031,-73.694753,0,IIWY,44.8,6.8,225.0,5.3,1,1800,0,0,0,0,2,0
CF,RW22L,40.645236,-73.754864,0,IIWY,44.8,1.5,225.0,5.4,1,65,0,0,0,0,3,0
CA,0,225.0,2,500,0,0,0,0,0,0
CF,CHANT,40.316192,-73.756942,0,JFK,190.0,19.0,190.0,19.0,2,3000,0,0,0,0,0,0
HM,CHANT,40.316192,-73.756942,2, ,0.0,0.0,10.0,04.3,0,0,0,0,0,0,0,0,0

FINAL,I22R,22R,I,3
IF,CORVT,40.799836,-73.657869,IJOC,42.2,11.6,2,3000,0,0,0,0,0,0
CF,MATTR,40.725392,-73.711058,0,IJOC,42.1,6.6,222.0,5.1,1,1900,0,0,0,0,2,0
CF,RW22R,40.642433,-73.769636,0,IJOC,41.1,0.9,222.0,5.7,1,72,0,0,0,0,3,0
CA,0,222.0,2,700,0,0,0,0,0,0
DF,COL,40.311633,-74.159728,0, ,0.0,0.0,2,4000,0,0,0,0,0,0
HM,COL,40.311633,-74.159728,2, ,0.0,0.0,190.0,04.3,0,0,0,0,0,0,0,0,0

APPTR,I31L,31L,CHANT
FC,CHANT,40.316192,-73.756942,0,DPK,0.0,0.0,48.0,11.8,2,2000,0,0,0,0,1,0
CF,ZACHS,40.528803,-73.553864,0,IMOH,134.7,14.2,48.0,4.0,2,2000,0,0,0,0,1,0

APPTR,I31L,31L,DPK
FC,DPK,40.791750,-73.303658,0,DPK,0.0,0.0,228.0,15.5,2,2000,0,0,0,0,1,0
CF,ZACHS,40.528803,-73.553864,0,IMOH,134.7,14.2,228.0,4.0,2,2000,0,0,0,0,1,0

FINAL,I31L,31L,I,3
IF,ZACHS,40.528803,-73.553864,IMOH,134.7,14.2,2,2000,0,0,0,0,0,0
CF,MEALS,40.586208,-73.679792,0,IMOH,134.7,7.5,315.0,6.7,1,1800,0,0,0,0,2,0
CF,RW31L,40.632578,-73.781883,0,IMOH,134.7,2.0,315.0,5.4,1,71,0,0,0,0,3,0
CA,0,315.0,2,500,0,0,0,0,0,0
VI,1, ,0.0,160.0,0,0,0,0,0,0,0,0
CF,CHANT,40.316192,-73.756942,0,JFK,190.0,19.0,190.0,12.0,2,3000,0,0,0,0,0,0
HM,CHANT,40.316192,-73.756942,2, ,0.0,0.0,10.0,04.3,0,0,0,0,0,0,0,0,0

APPTR,I31R,31R,CATOD
IF,CATOD,40.542606,-73.537233, ,0.0,0.0,2,3000,0,0,0,0,1,0
CF,MALDE,40.564881,-73.586008,0,IRTH,134.8,11.0,315.0,2.6,2,3000,0,0,0,0,0,0

FINAL,I31R,31R,I,3
IF,MALDE,40.564881,-73.586008,IRTH,134.8,11.0,2,3000,0,0,0,0,0,0
CF,ZULAB,40.596478,-73.655286,0,IRTH,134.8,7.3,315.0,3.7,1,1900,0,0,0,0,2,0
CF,RW31R,40.645169,-73.762458,0,IRTH,134.8,1.6,315.0,5.7,1,54,0,0,0,0,3,0
CA,0,315.0,2,1000,0,0,0,0,0,0
DF,CRI,40.612472,-73.894444,1, ,0.0,0.0,0,0,0,0,0,0,0,0
CF,COL,40.311633,-74.159728,0,CRI,225.1,21.8,225.0,21.8,2,4000,0,0,0,0,0,0
HM,COL,40.311633,-74.159728,2, ,0.0,0.0,190.0,04.3,0,0,0,0,0,0,0,0,0

FINAL,R04LY,04L,G,3
IF,REPRE,40.465508,-73.907492, ,0.0,0.0,2,2000,0,0,0,0,0,0
TF,KRSTL,40.558722,-73.834969,0, ,0.0,0.0,45.0,6.5,2,1500,0,0,0,0,2,0
TF,RW04L,40.623106,-73.784736,0, ,0.0,0.0,45.0,4.5,1,69,0,0,0,0,3,1
CA,0,45.0,2,232,0,0,0,0,0,0
DF,BARJR,40.667403,-73.750108,0, ,0.0,0.0,0,0,0,1,210,0,0,0
TF,DUFFY,40.791111,-73.522608,0, ,0.0,0.0,0.0,0.0,2,3000,0,0,0,0,0,1
HM,DUFFY,40.791111,-73.522608,1, ,0.0,0.0,244.0,04,0,0,0,0,0,0,0,0,0

FINAL,R04LZ,04L,G,3
IF,REPRE,40.465508,-73.907492, ,0.0,0.0,2,2000,0,0,0,0,0,0
TF,KRSTL,40.558722,-73.834969,0, ,0.0,0.0,45.0,6.5,2,1500,0,0,0,0,2,0
TF,RW04L,40.623106,-73.784736,0, ,0.0,0.0,45.0,4.5,1,69,0,0,0,0,3,1
CA,0,45.0,2,331,0,0,0,0,0,0
DF,BARJR,40.667403,-73.750108,0, ,0.0,0.0,0,0,0,0,0,0,0,0
TF,DUFFY,40.791111,-73.522608,0, ,0.0,0.0,0.0,0.0,2,3000,0,0,0,0,0,1
HM,DUFFY,40.791111,-73.522608,1, ,0.0,0.0,244.0,04,0,0,0,0,0,0,0,0,0

FINAL,R04RY,04R,G,3
IF,VERRU,40.474883,-73.887631, ,0.0,0.0,2,2000,0,0,0,0,0,0
TF,EBBEE,40.560811,-73.820764,0, ,0.0,0.0,45.0,6.0,2,1500,0,0,0,0,2,0
TF,RW04R,40.625425,-73.770347,0, ,0.0,0.0,45.0,4.5,1,65,0,0,0,0,3,1
CA,0,45.0,2,212,0,0,0,0,0,0
DF,GAALO,40.669292,-73.736056,0, ,0.0,0.0,0,0,0,1,210,0,0,0
TF,HIRBO,40.790467,-73.302914,0, ,0.0,0.0,0.0,0.0,2,4000,0,0,0,0,0,1
HM,HIRBO,40.790467,-73.302914,1, ,0.0,0.0,80.0,04,0,0,0,0,0,0,0,0,0

FINAL,R04RZ,04R,G,3
IF,VERRU,40.474883,-73.887631, ,0.0,0.0,2,2000,0,0,0,0,0,0
TF,EBBEE,40.560811,-73.820764,0, ,0.0,0.0,45.0,6.0,2,1500,0,0,0,0,2,0
TF,RW04R,40.625425,-73.770347,0, ,0.0,0.0,45.0,4.5,1,65,0,0,0,0,3,1
CA,0,45.0,2,358,0,0,0,0,0,0
DF,GAALO,40.669292,-73.736056,0, ,0.0,0.0,0,0,0,1,210,0,0,0
TF,HIRBO,40.790467,-73.302914,0, ,0.0,0.0,0.0,21.1,2,4000,0,0,0,0,0,1
HM,HIRBO,40.790467,-73.302914,1, ,0.0,0.0,80.0,04,0,0,0,0,0,0,0,0,0

APPTR,R22LY,22L,DPK
IF,DPK,40.791750,-73.303658, ,0.0,0.0,0,0,0,0,0,0,1,0
TF,NAYIK,40.807950,-73.627306,0, ,0.0,0.0,0.0,0.0,2,2000,0,0,0,0,1,0

FINAL,R22LY,22L,G,3
IF,NAYIK,40.807950,-73.627306, ,0.0,0.0,2,2000,0,0,0,0,0,0
TF,ZALPO,40.722031,-73.694753,0, ,0.0,0.0,225.0,6.0,2,1800,0,0,0,0,2,0
TF,RW22L,40.645236,-73.754864,0, ,0.0,0.0,225.0,5.4,1,65,0,0,0,0,3,1
DF,FOLER,40.602242,-73.788447,0, ,0.0,0.0,0,0,0,0,0,0,0,0
TF,CHANT,40.316192,-73.756942,0, ,0.0,0.0,0.0,0.0,2,3000,0,0,0,0,0,1
HM,CHANT,40.316192,-73.756942,2, ,0.0,0.0,12.0,05,0,0,0,0,0,0,0,0,0

APPTR,R22LZ,22L,DPK
IF,DPK,40.791750,-73.303658, ,0.0,0.0,0,0,0,0,0,0,1,0
TF,TUSTE,40.799203,-73.498767,0, ,0.0,0.0,0.0,0.0,2,3000,0,0,0,0,1,0

FINAL,R22LZ,22L,G,6
IF,TUSTE,40.799203,-73.498767, ,0.0,0.0,2,3000,0,0,0,0,0,0
TF,ZAKUS,40.756975,-73.618103,0, ,0.0,0.0,259.0,6.0,2,1900,0,0,0,0,0,0
TF,JIRVA,40.720011,-73.677783,0, ,0.0,0.0,245.0,3.5,2,1900,0,0,0,0,2,0
TF,SOGOE,40.704411,-73.702892,0, ,0.0,0.0,245.0,1.5,0,0,0,0,0,0,0,0
RF,HESOR,40.688219,-73.721239,1,CFBML,224.2,3.7,0,0,0,0,0,0,0,0
TF,RW22L,40.645236,-73.754864,0, ,0.0,0.0,225.0,3.0,1,62,0,0,0,0,3,1
TF,WEPLA,40.535764,-73.840250,0, ,0.0,0.0,0.0,0.0,0,0,0,0,0,0,0,0
TF,CHANT,40.316192,-73.756942,0, ,0.0,0.0,0.0,0.0,2,3000,0,0,0,0,0,1
HM,CHANT,40.316192,-73.756942,2, ,0.0,0.0,12.0,04,0,0,0,0,0,0,0,0,0

APPTR,R22R,22R,DPK
IF,DPK,40.791750,-73.303658, ,0.0,0.0,0,0,0,0,0,0,1,0
TF,RIVRA,40.809300,-73.638819,0, ,0.0,0.0,0.0,0.0,2,3000,0,0,0,0,1,0

FINAL,R22R,22R,G,3
IF,RIVRA,40.809300,-73.638819, ,0.0,0.0,2,3000,0,0,0,0,0,0
TF,HENEB,40.723336,-73.706308,0, ,0.0,0.0,225.0,6.0,2,1900,0,0,0,0,2,0
TF,RW22R,40.642433,-73.769636,0, ,0.0,0.0,225.0,5.7,1,72,0,0,0,0,3,1
CA,0,225.0,2,269,0,0,0,0,0,0
DF,PIDTO,40.613772,-73.792028,0, ,0.0,0.0,0,0,0,0,0,0,0,0
TF,COL,40.311633,-74.159728,0, ,0.0,0.0,0.0,0.0,2,4000,0,0,0,0,0,1
HM,COL,40.311633,-74.159728,2, ,0.0,0.0,193.0,04,0,0,0,0,0,0,0,0,0

APPTR,R31LY,31L,CHANT
IF,CHANT,40.316192,-73.756942, ,0.0,0.0,0,0,0,0,0,0,0,0
TF,RISSY,40.397825,-73.587164,0, ,0.0,0.0,0.0,0.0,2,2000,0,0,0,0,1,0
TF,ZACHS,40.528803,-73.553864,0, ,0.0,0.0,0.0,0.0,2,2000,0,0,0,0,1,0

APPTR,R31LY,31L,DPK
IF,DPK,40.791750,-73.303658, ,0.0,0.0,0,0,0,0,0,0,0,0
TF,SESKE,40.656794,-73.432403,0, ,0.0,0.0,0.0,0.0,2,2400,0,0,0,0,1,0
TF,ZACHS,40.528803,-73.553864,0, ,0.0,0.0,0.0,0.0,2,2000,0,0,0,0,1,0

FINAL,R31LY,31L,G,3
IF,ZACHS,40.528803,-73.553864, ,0.0,0.0,2,2000,0,0,0,0,0,0
TF,CUVKU,40.586019,-73.679378,0, ,0.0,0.0,315.0,6.7,2,1800,0,0,0,0,2,0
TF,RW31L,40.632578,-73.781883,0, ,0.0,0.0,315.0,5.5,1,64,0,0,0,0,3,1
CA,0,315.0,2,500,0,0,0,0,0,0
DF,FRNKY,40.413233,-73.737703,1, ,0.0,0.0,0,0,0,0,0,0,0,0
TF,CHANT,40.316192,-73.756942,0, ,0.0,0.0,0.0,0.0,2,3000,0,0,0,0,0,1
HM,CHANT,40.316192,-73.756942,2, ,0.0,0.0,12.0,04,0,0,0,0,0,0,0,0,0

APPTR,R31LZ,31L,CHANT
IF,CHANT,40.316192,-73.756942, ,0.0,0.0,0,0,0,0,0,0,0,0
TF,RISSY,40.397825,-73.587164,0, ,0.0,0.0,0.0,0.0,2,2000,0,0,0,0,1,0
TF,ZACHS,40.528803,-73.553864,0, ,0.0,0.0,0.0,0.0,2,2000,0,1,210,0,1,0

APPTR,R31LZ,31L,DPK
IF,DPK,40.791750,-73.303658, ,0.0,0.0,0,0,0,0,0,0,0,0
TF,SESKE,40.656794,-73.432403,0, ,0.0,0.0,0.0,0.0,2,2400,0,0,0,0,1,0
TF,ZACHS,40.528803,-73.553864,0, ,0.0,0.0,0.0,0.0,2,2000,0,1,210,0,1,0

FINAL,R31LZ,31L,G,3
IF,ZACHS,40.528803,-73.553864, ,0.0,0.0,2,2000,0,1,210,0,0,0
TF,CUVKU,40.586019,-73.679378,0, ,0.0,0.0,315.0,6.7,2,1800,0,0,0,0,2,0
TF,RW31L,40.632578,-73.781883,0, ,0.0,0.0,315.0,5.5,1,64,0,0,0,0,3,1
CA,0,315.0,2,500,0,0,0,0,0,0
DF,FRNKY,40.413233,-73.737703,1, ,0.0,0.0,0,0,0,0,0,0,0,0
TF,CHANT,40.316192,-73.756942,0, ,0.0,0.0,0.0,0.0,2,3000,0,0,0,0,0,1
HM,CHANT,40.316192,-73.756942,2, ,0.0,0.0,12.0,04,0,0,0,0,0,0,0,0,0

APPTR,R31RY,31R,CAMRN
IF,CAMRN,40.017303,-73.861058, ,0.0,0.0,0,0,0,0,0,0,0,0
TF,VIDIO,40.393322,-73.557756,0, ,0.0,0.0,0.0,0.0,2,3000,0,0,0,0,1,0
TF,CATOD,40.542606,-73.537233,0, ,0.0,0.0,0.0,0.0,2,3000,0,0,0,0,1,0

APPTR,R31RY,31R,DPK
IF,DPK,40.791750,-73.303658, ,0.0,0.0,0,0,0,0,0,0,0,0
TF,PZULU,40.620942,-73.395575,0, ,0.0,0.0,0.0,0.0,2,3000,0,0,0,0,1,0
TF,CATOD,40.542606,-73.537233,0, ,0.0,0.0,0.0,0.0,2,3000,0,0,0,0,1,0

FINAL,R31RY,31R,G,3
IF,CATOD,40.542606,-73.537233, ,0.0,0.0,2,3000,0,0,0,0,0,0
TF,IGIDE,40.595839,-73.653881,0, ,0.0,0.0,315.0,6.2,2,1900,0,0,0,0,2,0
TF,RW31R,40.645169,-73.762458,0, ,0.0,0.0,315.0,5.8,1,61,0,0,0,0,3,1
CA,0,315.0,2,1800,0,0,0,0,0,0
DF,COL,40.311633,-74.159728,0, ,0.0,0.0,2,4000,0,0,0,0,0,1
HM,COL,40.311633,-74.159728,2, ,0.0,0.0,193.0,04,0,0,0,0,0,0,0,0,0

APPTR,R31RZ,31R,CAMRN
IF,CAMRN,40.017303,-73.861058, ,0.0,0.0,0,0,0,0,0,0,0,0
TF,VIDIO,40.393322,-73.557756,0, ,0.0,0.0,0.0,0.0,2,3000,0,0,0,0,1,0
TF,CATOD,40.542606,-73.537233,0, ,0.0,0.0,0.0,0.0,2,3000,0,1,210,0,1,0

APPTR,R31RZ,31R,DPK
IF,DPK,40.791750,-73.303658, ,0.0,0.0,0,0,0,0,0,0,0,0
TF,PZULU,40.620942,-73.395575,0, ,0.0,0.0,0.0,0.0,2,3000,0,0,0,0,1,0
TF,CATOD,40.542606,-73.537233,0, ,0.0,0.0,0.0,0.0,2,3000,0,1,210,0,1,0

FINAL,R31RZ,31R,G,3
IF,CATOD,40.542606,-73.537233, ,0.0,0.0,2,3000,0,1,210,0,0,0
TF,IGIDE,40.595839,-73.653881,0, ,0.0,0.0,315.0,6.2,2,1900,0,0,0,0,2,0
TF,RW31R,40.645169,-73.762458,0, ,0.0,0.0,315.0,5.8,1,61,0,0,0,0,3,1
CA,0,315.0,2,1800,0,0,0,0,0,0
DF,COL,40.311633,-74.159728,1, ,0.0,0.0,2,4000,0,0,0,0,0,1
HM,COL,40.311633,-74.159728,2, ,0.0,0.0,193.0,04,0,0,0,0,0,0,0,0,0

APPTR,S04L,04L,JFK
IF,JFK,40.632889,-73.771389, ,0.0,0.0,0,0,0,0,0,0,0,0
TF,KTAIT,40.565047,-73.845844,0, ,0.0,0.0,0.0,0.0,2,1500,0,0,0,0,0,0
HF,KTAIT,40.565047,-73.845844,2, ,0.0,0.0,52.0,04.3,2,1500,0,0,0,0,1,0,0

FINAL,S04L,04L,D,2
IF,KTAIT,40.565047,-73.845844,JFK,231.9,5.3,2,1500,0,0,0,0,2,0
CF,RW04L,40.623106,-73.784736,0,JFK,238.1,0.9,52.0,4.5,1,69,0,0,0,0,3,0
CA,0,52.0,2,2000,0,0,0,0,0,0
CF,DUFFY,40.791111,-73.522608,0,DPK,281.9,10.0,62.0,12.0,2,3000,0,0,0,0,0,0
HM,DUFFY,40.791111,-73.522608,1, ,0.0,0.0,242.0,04.3,0,0,0,0,0,0,0,0,0

APPTR,S04R,04R,JFK
IF,JFK,40.632889,-73.771389, ,0.0,0.0,0,0,0,0,0,0,0,0
TF,BEBKE,40.555078,-73.800992,0, ,0.0,0.0,0.0,0.0,2,1500,0,0,0,0,0,0
HF,BEBKE,40.555078,-73.800992,2, ,0.0,0.0,28.0,04.3,2,1500,0,0,0,0,1,0,0

FINAL,S04R,04R,D,2
IF,BEBKE,40.555078,-73.800992,JFK,208.2,4.9,2,1500,0,0,0,0,2,0
CF,MA04R,40.626217,-73.773928,0,JFK,208.2,0.4,28.0,4.4,1,121,0,0,0,0,3,0
CA,0,28.0,2,413,0,0,0,0,0,0
VI,0, ,0.0,100.0,0,0,0,0,0,0,0,0
CF,DPK,40.791750,-73.303658,0,DPK,0.0,0.0,41.0,8.0,2,4000,0,0,0,0,0,0
HM,DPK,40.791750,-73.303658,1, ,0.0,0.0,258.0,04.3,0,0,0,0,0,0,0,0,0

FINAL,S13L,13L,D,3
IF,ASALT,40.527589,-73.963939,CRI,223.0,6.0,1,3000,0,0,0,0,1,0
CF,CRI,40.612472,-73.894444,0,CRI,0.0,0.0,43.0,6.0,1,1500,0,0,0,0,2,0
CF,DMYHL,40.649589,-73.866308,0,CRI,41.0,2.6,41.0,2.6,1,800,0,0,0,0,3,0
VI,0, ,0.0,100.0,0,0,0,0,0,0,0,0
CF,DPK,40.791750,-73.303658,0,DPK,0.0,0.0,78.0,15.0,2,4000,0,0,0,0,0,0
HM,DPK,40.791750,-73.303658,1, ,0.0,0.0,258.0,04.3,0,0,0,0,0,0,0,0,0

FINAL,S13R,13R,D,3
IF,ASALT,40.527589,-73.963939,CRI,223.0,6.0,1,3000,0,0,0,0,1,0
CF,CRI,40.612472,-73.894444,0,CRI,0.0,0.0,43.0,6.0,1,1500,0,0,0,0,2,0
CF,DMYHL,40.649589,-73.866308,0,CRI,41.0,2.6,41.0,2.6,1,800,0,0,0,0,3,0
VI,0, ,0.0,100.0,0,0,0,0,0,0,0,0
CF,DPK,40.791750,-73.303658,0,DPK,0.0,0.0,78.0,15.0,2,4000,0,0,0,0,0,0
HM,DPK,40.791750,-73.303658,1,DPK,0.0,0.0,258.0,04.3,0,0,0,0,0,0,0,0,0

FINAL,S31L,31L,D,3
IF,JAMCA,40.484400,-73.662558,JFK,162.7,10.0,2,2500,0,0,0,0,0,0
CF,LOKOE,40.557203,-73.715847,0,JFK,162.8,5.2,343.0,5.0,2,1800,0,0,0,0,2,0
CF,MA31L,40.625175,-73.765719,0,JFK,162.8,0.5,343.0,4.7,1,315,0,0,0,0,3,0
CA,0,343.0,2,420,0,0,0,0,0,0
CF,CHANT,40.316192,-73.756942,1,JFK,190.0,19.0,190.0,19.5,2,3000,0,0,0,0,0,0
HM,CHANT,40.316192,-73.756942,2, ,0.0,0.0,10.0,04.3,0,0,0,0,0,0,0,0,0

