SID,GLDMN5,13,5
VI,0, ,0.0,134.0,0,0,0,0,0,0,0,0
CF,KIWIE,40.712783,-73.825903,0,LGA,167.4,4.7,185.0,2.9,2,2500,0,0,0,0,0,0
TF,TRISK,40.683211,-73.863811,0, ,0.0,0.0,0.0,0.0,2,4000,0,0,0,0,0,0
TF,MASTT,40.675139,-73.922681,0, ,0.0,0.0,0.0,0.0,2,5000,0,1,220,0,0,0
TF,GLDMN,40.703469,-73.969983,0, ,0.0,0.0,0.0,0.0,0,0,0,0,0,0,0,0
VM,0,0,0,340.0,0,0,0,0,0,0,0,0

SID,HOPEA3,22,5
VI,0, ,0.0,224.0,0,0,0,0,0,0,0,0
CF,HOPEA,40.690481,-73.899258,0,JFK,312.6,6.8,189.0,3.4,2,2500,0,1,220,0,0,0
TF,CRI,40.612472,-73.894444,0, ,0.0,0.0,0.0,0.0,2,5000,0,1,230,0,0,0
TF,ASALT,40.527589,-73.963939,0, ,0.0,0.0,0.0,0.0,0,0,0,0,0,0,0,1
FM,ASALT,40.527589,-73.963939,0,JFK,0.0,0.0,224.0,0,0,0,0,0,0,0,0

SID,JUTES3,22,5
VA,0,224.0,2,540,0,0,0,0,0,0
DF,JUTES,40.800083,-73.757194,1, ,0.0,0.0,2,3000,0,1,220,0,0,0
TF,TNNIS,40.879444,-73.703758,0, ,0.0,0.0,0.0,0.0,2,5000,0,0,0,0,0,1
VM,0,0,0,45.0,0,0,0,0,0,0,0,0

SID,LGA5,04,1
VA,0,44.0,2,600,0,0,0,0,0,0
VM,0,0,0,55.0,0,0,0,0,0,0,0,0

SID,LGA5,22,1
CA,0,224.0,2,430,0,0,0,0,0,0
VM,0,0,1,70.0,0,0,0,0,0,0,0,0

SID,LGA5,31,1
VA,0,314.0,2,430,0,0,0,0,0,0
VM,0,0,0,314.0,0,0,0,0,0,0,0,0

SID,NTHNS4,13,5
VI,0, ,0.0,134.0,0,0,0,0,0,0,0,0
CF,KIWIE,40.712783,-73.825903,0,JFK,344.6,5.4,185.0,2.9,2,2500,0,1,220,0,0,0
TF,NTHNS,40.674714,-73.829606,0, ,0.0,0.0,0.0,0.0,0,0,0,1,220,0,0,0
TF,CRI,40.612472,-73.894444,0, ,0.0,0.0,0.0,0.0,2,5000,0,1,230,0,0,0
TF,ASALT,40.527589,-73.963939,0, ,0.0,0.0,0.0,0.0,0,0,0,0,0,0,0,1
FM,ASALT,40.527589,-73.963939,0,JFK,0.0,0.0,224.0,0,0,0,0,0,0,0,0

SID,TNNIS6,13,5
VI,0, ,0.0,134.0,0,0,0,0,0,0,0,0
CF,JUTES,40.800083,-73.757194,0,LGA,91.0,5.2,50.0,3.9,2,3000,0,1,220,0,0,0
TF,TNNIS,40.879444,-73.703758,0, ,0.0,0.0,0.0,0.0,2,5000,0,0,0,0,0,1
VM,0,0,0,45.0,0,0,0,0,0,0,0,0

STAR,GATBY1,PXT,1
IF,PXT,38.287856,-76.400231, ,0.0,0.0,0,0,0,0,0,0,0,0
TF,LOUIE,38.612314,-76.301214,0, ,0.0,0.0,0.0,0.0,0,0,0,0,0,0,0,0
TF,GRACO,38.941614,-76.199783,0, ,0.0,0.0,0.0,0.0,0,0,0,0,0,0,0,0
TF,GATBY,39.261117,-76.100511,0, ,0.0,0.0,0.0,0.0,0,0,0,0,0,0,0,0

STAR,GATBY1,SWANN,1
IF,SWANN,39.151467,-76.228872, ,0.0,0.0,0,0,0,0,0,0,0,0
TF,GATBY,39.261117,-76.100511,0, ,0.0,0.0,0.0,0.0,0,0,0,0,0,0,0,0

STAR,GATBY1,ALL,2
IF,GATBY,39.261117,-76.100511, ,0.0,0.0,0,0,0,0,0,0,0,0
TF,KERNO,39.310069,-76.043033,0, ,0.0,0.0,0.0,0.0,0,0,0,0,0,0,0,0
TF,ODESA,39.491389,-75.828992,0, ,0.0,0.0,0.0,0.0,0,0,0,0,0,0,0,0
TF,DQO,39.678139,-75.607081,0, ,0.0,0.0,0.0,0.0,0,0,0,0,0,0,0,0
TF,WILJR,39.793544,-75.201675,0, ,0.0,0.0,0.0,0.0,0,0,0,0,0,0,0,0
TF,RUUTH,39.850344,-74.999769,0, ,0.0,0.0,0.0,0.0,0,0,0,0,0,0,0,0
TF,DAVYS,39.922389,-74.897158,0, ,0.0,0.0,0.0,0.0,0,0,0,0,0,0,0,0
TF,HOLEY,39.971586,-74.826878,0, ,0.0,0.0,0.0,0.0,0,0,0,0,0,0,0,0
TF,BRAND,40.035078,-74.735972,0, ,0.0,0.0,0.0,0.0,0,0,0,0,0,0,0,0
TF,KORRY,40.093842,-74.651544,0, ,0.0,0.0,0.0,0.0,0,0,0,0,0,0,0,0
TF,RBV,40.202403,-74.495025,0, ,0.0,0.0,0.0,0.0,0,0,0,0,0,0,0,0
TF,TYKES,40.289550,-74.385036,0, ,0.0,0.0,0.0,0.0,0,0,0,0,0,0,0,0
TF,MINKS,40.374872,-74.276972,0, ,0.0,0.0,0.0,0.0,0,0,0,0,0,0,0,0
TF,RENUE,40.518533,-74.094089,0, ,0.0,0.0,0.0,0.0,0,0,0,0,0,0,0,0
TF,APPLE,40.556136,-74.062253,0, ,0.0,0.0,0.0,0.0,0,0,0,0,0,0,0,0
TF,PROUD,40.629792,-73.999756,0, ,0.0,0.0,0.0,0.0,0,0,0,0,0,0,0,0

STAR,HAARP3,ALB,1
IF,ALB,42.747281,-73.803186, ,0.0,0.0,0,0,0,0,0,0,0,0
TF,STOTT,42.335372,-73.717058,0, ,0.0,0.0,0.0,0.0,0,0,0,0,0,0,0,0
TF,PWL,41.769772,-73.600553,0, ,0.0,0.0,0.0,0.0,0,0,0,0,0,0,0,0
TF,IGN,41.665450,-73.822225,0, ,0.0,0.0,0.0,0.0,0,0,0,0,0,0,0,0
TF,VALRE,41.435328,-73.881736,0, ,0.0,0.0,0.0,0.0,0,0,0,0,0,0,0,0

STAR,HAARP3,RKA,1
IF,RKA,42.466364,-75.239308, ,0.0,0.0,0,0,0,0,0,0,0,0
TF,PETER,42.205258,-74.530625,0, ,0.0,0.0,0.0,0.0,0,0,0,0,0,0,0,0
TF,CYPER,42.108992,-74.273756,0, ,0.0,0.0,0.0,0.0,0,0,0,0,0,0,0,0
TF,TRESA,41.880447,-73.818556,0, ,0.0,0.0,0.0,0.0,0,0,0,0,0,0,0,0
TF,IGN,41.665450,-73.822225,0, ,0.0,0.0,0.0,0.0,0,0,0,0,0,0,0,0
TF,VALRE,41.435328,-73.881736,0, ,0.0,0.0,0.0,0.0,0,0,0,0,0,0,0,0

STAR,HAARP3,ALL,2
IF,VALRE,41.435328,-73.881736, ,0.0,0.0,0,0,0,0,0,0,0,0
TF,BASYE,41.343722,-73.798608,0, ,0.0,0.0,0.0,0.0,0,0,0,0,0,0,0,0
TF,HAARP,41.116353,-73.593483,0, ,0.0,0.0,0.0,0.0,0,0,0,0,0,0,0,0
TF,CRALY,41.077211,-73.626053,0, ,0.0,0.0,0.0,0.0,0,0,0,0,0,0,0,0
TF,LGA,40.783717,-73.868600,0, ,0.0,0.0,0.0,0.0,0,0,0,0,0,0,0,1
FM,LGA,40.783717,-73.868600,0,LGA,0.0,0.0,224.0,0,0,0,0,0,0,0,0

STAR,KORRY4,AGARD,1
IF,AGARD,39.043581,-76.069761, ,0.0,0.0,0,0,0,0,0,0,0,0
TF,SPEAK,39.058142,-75.746094,0, ,0.0,0.0,0.0,0.0,0,0,0,0,0,0,0,0
TF,ENO,39.231647,-75.515969,0, ,0.0,0.0,0.0,0.0,2,24000,0,0,0,0,0,0

STAR,KORRY4,GVE,1
IF,GVE,38.013600,-78.153025, ,0.0,0.0,0,0,0,0,0,0,0,0
TF,COLIN,38.099786,-76.664125,0, ,0.0,0.0,0.0,0.0,0,0,0,0,0,0,0,0
TF,PXT,38.287856,-76.400231,0, ,0.0,0.0,0.0,0.0,0,0,0,0,0,0,0,0
TF,GARED,38.694558,-76.022767,0, ,0.0,0.0,0.0,0.0,0,0,0,0,0,0,0,0
TF,RIDGY,38.942975,-75.789814,0, ,0.0,0.0,0.0,0.0,2,27000,0,0,0,0,0,0
TF,ENO,39.231647,-75.515969,0, ,0.0,0.0,0.0,0.0,2,24000,0,0,0,0,0,0

STAR,KORRY4,PXT,1
IF,PXT,38.287856,-76.400231, ,0.0,0.0,0,0,0,0,0,0,0,0
TF,GARED,38.694558,-76.022767,0, ,0.0,0.0,0.0,0.0,0,0,0,0,0,0,0,0
TF,RIDGY,38.942975,-75.789814,0, ,0.0,0.0,0.0,0.0,2,27000,0,0,0,0,0,0
TF,ENO,39.231647,-75.515969,0, ,0.0,0.0,0.0,0.0,2,24000,0,0,0,0,0,0

STAR,KORRY4,ALL,2
IF,ENO,39.231647,-75.515969, ,0.0,0.0,2,24000,0,0,0,0,0,0
TF,SKIPY,39.506244,-75.271825,0, ,0.0,0.0,0.0,0.0,2,19000,0,0,0,0,0,0
TF,BESSI,39.676344,-75.112369,0, ,0.0,0.0,0.0,0.0,2,17000,0,0,0,0,0,0
TF,EDJER,39.848728,-74.963881,0, ,0.0,0.0,0.0,0.0,0,0,0,0,0,0,0,0
TF,DAVYS,39.922389,-74.897158,0, ,0.0,0.0,0.0,0.0,2,13000,0,0,0,0,0,0
TF,HOLEY,39.971586,-74.826878,0, ,0.0,0.0,0.0,0.0,0,0,0,0,0,0,0,0
TF,BRAND,40.035078,-74.735972,0, ,0.0,0.0,0.0,0.0,2,11000,0,0,0,0,0,0
TF,KORRY,40.093842,-74.651544,0, ,0.0,0.0,0.0,0.0,1,10000,0,0,0,0,0,0
TF,RBV,40.202403,-74.495025,0, ,0.0,0.0,0.0,0.0,0,0,0,0,0,0,0,0
TF,TYKES,40.289550,-74.385036,0, ,0.0,0.0,0.0,0.0,0,0,0,0,0,0,0,0
TF,MINKS,40.374872,-74.276972,0, ,0.0,0.0,0.0,0.0,0,0,0,0,0,0,0,0
TF,RENUE,40.518533,-74.094089,0, ,0.0,0.0,0.0,0.0,0,0,0,0,0,0,0,0
TF,APPLE,40.556136,-74.062253,0, ,0.0,0.0,0.0,0.0,0,0,0,0,0,0,0,0
TF,PROUD,40.629792,-73.999756,0, ,0.0,0.0,0.0,0.0,0,0,0,0,0,0,0,0

STAR,MIP4,ETG,1
IF,ETG,41.214950,-78.142756, ,0.0,0.0,0,0,0,0,0,0,0,0
TF,MIP,41.023392,-76.665289,0, ,0.0,0.0,0.0,0.0,0,0,0,0,0,0,0,0

STAR,MIP4,PSB,1
IF,PSB,40.916258,-77.992717, ,0.0,0.0,0,0,0,0,0,0,0,0
TF,MIP,41.023392,-76.665289,0, ,0.0,0.0,0.0,0.0,0,0,0,0,0,0,0,0

STAR,MIP4,SFK,1
IF,SFK,41.695253,-77.419906, ,0.0,0.0,0,0,0,0,0,0,0,0
TF,MIP,41.023392,-76.665289,0, ,0.0,0.0,0.0,0.0,0,0,0,0,0,0,0,0

STAR,MIP4,ALL,2
IF,MIP,41.023392,-76.665289, ,0.0,0.0,0,0,0,0,0,0,0,0
TF,MARRC,40.918886,-76.231728,0, ,0.0,0.0,0.0,0.0,0,0,0,0,0,0,0,0
TF,BILEY,40.799589,-75.746458,0, ,0.0,0.0,0.0,0.0,0,0,0,0,0,0,0,0
TF,VIBES,40.763225,-75.600519,0, ,0.0,0.0,0.0,0.0,0,0,0,0,0,0,0,0
TF,FJC,40.726700,-75.454756,0, ,0.0,0.0,0.0,0.0,0,0,0,0,0,0,0,0
TF,LIZZI,40.665661,-75.148794,0, ,0.0,0.0,0.0,0.0,0,0,0,0,0,0,0,0
TF,BEUTY,40.569197,-75.011478,0, ,0.0,0.0,0.0,0.0,0,0,0,0,0,0,0,0
TF,HARLM,40.490744,-74.749092,0, ,0.0,0.0,0.0,0.0,0,0,0,0,0,0,0,0
TF,DREMS,40.427886,-74.540753,0, ,0.0,0.0,0.0,0.0,0,0,0,0,0,0,0,0
TF,APPLE,40.556136,-74.062253,0, ,0.0,0.0,0.0,0.0,0,0,0,0,0,0,0,0
TF,PROUD,40.629792,-73.999756,0, ,0.0,0.0,0.0,0.0,0,0,0,0,0,0,0,0

STAR,NOBBI5,ALB,1
IF,ALB,42.747281,-73.803186, ,0.0,0.0,0,0,0,0,0,0,0,0
TF,WIGAN,42.085092,-73.814969,0, ,0.0,0.0,0.0,0.0,0,0,0,0,0,0,0,0
TF,TRESA,41.880447,-73.818556,0, ,0.0,0.0,0.0,0.0,0,0,0,0,0,0,0,0
TF,CASSH,41.593933,-73.704742,0, ,0.0,0.0,0.0,0.0,0,0,0,0,0,0,0,0

STAR,NOBBI5,BAF,1
IF,BAF,42.161958,-72.716200, ,0.0,0.0,0,0,0,0,0,0,0,0
TF,PWL,41.769772,-73.600553,0, ,0.0,0.0,0.0,0.0,0,0,0,0,0,0,0,0
TF,CASSH,41.593933,-73.704742,0, ,0.0,0.0,0.0,0.0,0,0,0,0,0,0,0,0

STAR,NOBBI5,CTR,1
IF,CTR,42.291319,-72.949394, ,0.0,0.0,0,0,0,0,0,0,0,0
TF,PWL,41.769772,-73.600553,0, ,0.0,0.0,0.0,0.0,0,0,0,0,0,0,0,0
TF,CASSH,41.593933,-73.704742,0, ,0.0,0.0,0.0,0.0,0,0,0,0,0,0,0,0

STAR,NOBBI5,DNY,1
IF,DNY,42.178281,-74.956942, ,0.0,0.0,0,0,0,0,0,0,0,0
TF,PETER,42.205258,-74.530625,0, ,0.0,0.0,0.0,0.0,0,0,0,0,0,0,0,0
TF,CYPER,42.108992,-74.273756,0, ,0.0,0.0,0.0,0.0,0,0,0,0,0,0,0,0
TF,TRESA,41.880447,-73.818556,0, ,0.0,0.0,0.0,0.0,0,0,0,0,0,0,0,0
TF,CASSH,41.593933,-73.704742,0, ,0.0,0.0,0.0,0.0,0,0,0,0,0,0,0,0

STAR,NOBBI5,RKA,1
IF,RKA,42.466364,-75.239308, ,0.0,0.0,0,0,0,0,0,0,0,0
TF,PETER,42.205258,-74.530625,0, ,0.0,0.0,0.0,0.0,0,0,0,0,0,0,0,0
TF,CYPER,42.108992,-74.273756,0, ,0.0,0.0,0.0,0.0,0,0,0,0,0,0,0,0
TF,TRESA,41.880447,-73.818556,0, ,0.0,0.0,0.0,0.0,0,0,0,0,0,0,0,0
TF,CASSH,41.593933,-73.704742,0, ,0.0,0.0,0.0,0.0,0,0,0,0,0,0,0,0

STAR,NOBBI5,ALL,2
IF,CASSH,41.593933,-73.704742, ,0.0,0.0,0,0,0,0,0,0,0,0
TF,NOBBI,41.423983,-73.637803,0, ,0.0,0.0,0.0,0.0,0,0,0,0,0,0,0,0
TF,CMK,41.280089,-73.581325,0, ,0.0,0.0,0.0,0.0,0,0,0,0,0,0,0,0
TF,RYMES,41.191667,-73.530756,0, ,0.0,0.0,0.0,0.0,0,0,0,0,0,0,0,0
TF,HAARP,41.116353,-73.593483,0, ,0.0,0.0,0.0,0.0,0,0,0,0,0,0,0,0
TF,CRALY,41.077211,-73.626053,0, ,0.0,0.0,0.0,0.0,0,0,0,0,0,0,0,0

FINAL,D04-H,04,D,3
IF,JULGO,40.868183,-74.060444,LGA,312.2,10.1,2,2800,0,0,0,0,1,0
CF,CHUGG,40.817211,-73.944531,0,LGA,312.2,4.0,132.0,6.1,2,1400,0,0,0,0,2,0
CF,MAFAS,40.786653,-73.875247,0,LGA,312.2,0.4,132.0,3.7,1,1040,0,0,0,0,3,1
CF,GREKO,40.865461,-73.804408,1,LGA,42.8,5.7,43.0,3.7,2,2000,0,0,0,0,0,0
HM,GREKO,40.865461,-73.804408,1, ,0.0,0.0,223.0,04.3,0,0,0,0,0,0,0,0,0

FINAL,D13-H,13,D,3
IF,JULGO,40.868183,-74.060444,LGA,312.2,10.1,2,2800,0,0,0,0,1,0
CF,CHUGG,40.817211,-73.944531,0,LGA,312.2,4.0,132.0,6.1,2,1400,0,0,0,0,2,0
CF,MAFAS,40.786653,-73.875247,0,LGA,312.2,0.4,132.0,3.7,1,1040,0,0,0,0,3,1
CF,GREKO,40.865461,-73.804408,1,LGA,42.8,5.7,43.0,3.7,2,2000,0,0,0,0,0,0
HM,GREKO,40.865461,-73.804408,1, ,0.0,0.0,223.0,04.3,0,0,0,0,0,0,0,0,0

FINAL,D22-H,22,D,3
IF,JULGO,40.868183,-74.060444,LGA,312.2,10.1,2,2800,0,0,0,0,1,0
CF,CHUGG,40.817211,-73.944531,0,LGA,312.2,4.0,132.0,6.1,2,1400,0,0,0,0,2,0
CF,MAFAS,40.786653,-73.875247,0,LGA,312.2,0.4,132.0,3.7,1,1040,0,0,0,0,3,1
CF,GREKO,40.865461,-73.804408,1,LGA,42.8,5.7,43.0,3.7,2,2000,0,0,0,0,0,0
HM,GREKO,40.865461,-73.804408,1, ,0.0,0.0,223.0,04.3,0,0,0,0,0,0,0,0,0

FINAL,D31-H,31,D,3
IF,JULGO,40.868183,-74.060444,LGA,312.2,10.1,2,2800,0,0,0,0,1,0
CF,CHUGG,40.817211,-73.944531,0,LGA,312.2,4.0,132.0,6.1,2,1400,0,0,0,0,2,0
CF,MAFAS,40.786653,-73.875247,0,LGA,312.2,0.4,132.0,3.7,1,1040,0,0,0,0,3,1
CF,GREKO,40.865461,-73.804408,1,LGA,42.8,5.7,43.0,3.7,2,2000,0,0,0,0,0,0
HM,GREKO,40.865461,-73.804408,1, ,0.0,0.0,223.0,04.3,0,0,0,0,0,0,0,0,0

FINAL,I04,04,I,3
IF,GRENE,40.628158,-74.000303,ILGA,224.1,11.3,2,2700,0,0,0,0,0,0
CF,DNNIS,40.699381,-73.941692,0,ILGA,224.1,6.3,44.0,5.0,1,1700,0,0,0,0,2,0
CF,RW04,40.769164,-73.884119,0,ILGA,224.1,1.3,44.0,4.9,1,75,0,0,0,0,3,0
CA,0,44.0,2,430,0,0,0,0,0,0
CF,GREKO,40.865461,-73.804408,0,LGA,42.8,5.7,43.0,5.8,2,2000,0,0,0,0,0,0
HM,GREKO,40.865461,-73.804408,1, ,0.0,0.0,223.0,04.3,0,0,0,0,0,0,0,0,0

FINAL,I13,13,I,3
IF,PAYMI,40.859003,-74.039539,IGDI,314.2,9.9,2,2800,0,0,0,0,1,0
CF,STEED,40.831100,-73.980925,0,IGDI,314.2,6.7,134.0,3.2,1,1900,0,0,0,0,2,0
CF,RW13,40.782297,-73.878522,0,IGDI,314.2,1.2,134.0,5.5,1,61,0,0,0,0,3,0
CA,0,134.0,2,800,0,0,0,0,0,0
CF,GREKO,40.865461,-73.804408,1,LGA,42.8,5.7,43.0,4.0,2,2000,0,0,0,0,0,0
HM,GREKO,40.865461,-73.804408,1, ,0.0,0.0,223.0,04.3,0,0,0,0,0,0,0,0,0

FINAL,I22,22,I,3
IF,YOMAN,40.937031,-73.744978,IURD,44.1,12.0,2,3000,0,0,0,0,0,0
CF,GREKO,40.865461,-73.804408,0,IURD,44.1,6.9,224.0,5.1,1,1900,0,0,0,0,2,0
CF,RW22,40.785436,-73.870672,0,IURD,44.1,1.2,224.0,5.7,1,64,0,0,0,0,3,0
CA,0,224.0,2,430,0,0,0,0,0,0
CF,PROUD,40.629792,-73.999756,0,LGA,225.0,11.0,225.0,10.0,2,3000,0,0,0,0,0,0
HM,PROUD,40.629792,-73.999756,1, ,0.0,0.0,45.0,04.3,0,0,0,0,0,0,0,0,0

FINAL,L31,31,D,3
IF,QUENE,40.683517,-73.683078,IPZV,135.9,10.3,2,1700,0,0,0,0,0,0
CF,FABRY,40.725447,-73.764933,0,IPZV,135.9,5.8,316.0,4.5,2,1700,0,0,0,0,2,0
CF,RW31,40.772072,-73.857111,0,IPZV,137.6,0.8,316.0,5.1,1,62,0,0,0,0,3,0
CA,0,316.0,2,430,0,0,0,0,0,0
CF,GREKO,40.865461,-73.804408,2,LGA,42.8,5.7,43.0,3.5,2,2000,0,0,0,0,0,0
HM,GREKO,40.865461,-73.804408,1, ,0.0,0.0,223.0,04.3,0,0,0,0,0,0,0,0,0

FINAL,R04-A,04,G,3
IF,CASLE,40.905942,-73.720086,ITKD,54.4,11.2,2,3000,0,0,0,0,0,0
CF,COHOP,40.832883,-73.808183,0,ITKD,54.4,5.2,234.0,5.9,2,1600,0,0,0,0,2,0
CF,MA234,40.793344,-73.855847,0,ITKD,54.3,2.0,234.0,3.2,1,1040,0,0,0,0,3,0
CA,0,234.0,2,1040,0,0,0,0,0,0
CF,PROUD,40.629792,-73.999756,0,LGA,225.0,11.0,225.0,11.0,2,2700,0,0,0,0,0,0
HM,PROUD,40.629792,-73.999756,1, ,0.0,0.0,45.0,04.3,0,0,0,0,0,0,0,0,0

FINAL,R04-B,04,G,3
IF,NISIY,40.907922,-73.717697, ,0.0,0.0,2,3000,0,0,0,0,0,0
TF,COHOP,40.832883,-73.808183,0, ,0.0,0.0,235.0,6.1,2,1600,0,0,0,0,2,0
TF,TIYUK,40.793244,-73.855864,0, ,0.0,0.0,234.0,3.2,1,1040,0,0,0,0,3,1
CA,0,234.0,2,1040,0,0,0,0,0,0
DF,NOGIY,40.756283,-73.900222,0, ,0.0,0.0,0,0,0,0,0,0,0,0
TF,PROUD,40.629792,-73.999756,0, ,0.0,0.0,0.0,0.0,2,2700,0,0,0,0,0,1
HM,PROUD,40.629792,-73.999756,1, ,0.0,0.0,45.0,05,0,0,0,0,0,0,0,0,0

FINAL,R04-Y,04,G,4
IF,PONAE,40.599603,-74.023758, ,0.0,0.0,2,3000,0,0,0,0,0,0
TF,DNNIS,40.699381,-73.941692,0, ,0.0,0.0,44.0,7.1,2,1700,0,0,0,0,2,0
TF,WARIN,40.743742,-73.905111,0, ,0.0,0.0,44.0,3.1,2,640,0,0,0,0,0,0
TF,RW04,40.769164,-73.884119,0, ,0.0,0.0,44.0,1.8,1,75,0,0,0,0,3,1
CA,0,44.0,2,271,0,0,0,0,0,0
DF,GREKO,40.865461,-73.804408,0, ,0.0,0.0,2,2000,0,0,0,0,0,1
HM,GREKO,40.865461,-73.804408,1, ,0.0,0.0,223.0,04,0,0,0,0,0,0,0,0,0

APPTR,R04-Z,04,GRITY
IF,GRITY,40.515589,-74.276931, ,0.0,0.0,0,0,0,0,0,0,1,0
TF,TICKL,40.568072,-74.052136,0, ,0.0,0.0,0.0,0.0,2,3000,0,0,0,0,1,0

APPTR,R04-Z,04,MINKS
IF,MINKS,40.374872,-74.276972, ,0.0,0.0,0,0,0,0,0,0,1,0
TF,RENUE,40.518533,-74.094089,0, ,0.0,0.0,0.0,0.0,2,3000,0,0,0,0,0,0
TF,TICKL,40.568072,-74.052136,0, ,0.0,0.0,0.0,0.0,2,3000,0,0,0,0,1,0

FINAL,R04-Z,04,G,3
IF,TICKL,40.568072,-74.052136, ,0.0,0.0,2,3000,0,0,0,0,0,0
TF,DNNIS,40.699381,-73.941692,0, ,0.0,0.0,45.0,9.4,2,1700,0,0,0,0,2,0
TF,RW04,40.769164,-73.884119,0, ,0.0,0.0,44.0,4.9,1,75,0,0,0,0,3,1
TF,GREKO,40.865461,-73.804408,0, ,0.0,0.0,0.0,0.0,2,2000,0,0,0,0,0,1
HM,GREKO,40.865461,-73.804408,1, ,0.0,0.0,223.0,04,0,0,0,0,0,0,0,0,0

APPTR,R13,13,CHNZO
IF,CHNZO,40.898439,-73.910478, ,0.0,0.0,0,0,0,1,220,0,1,0
TF,RABBY,40.865600,-73.946819,0, ,0.0,0.0,0.0,0.0,2,2000,0,1,180,0,1,0

APPTR,R13,13,MOISE
IF,MOISE,41.061544,-73.503528, ,0.0,0.0,0,0,0,0,0,0,0,0
TF,DHALP,40.965172,-73.722386,0, ,0.0,0.0,0.0,0.0,2,3000,0,0,0,0,1,0
TF,CHNZO,40.898439,-73.910478,0, ,0.0,0.0,0.0,0.0,2,2000,0,1,220,0,0,0
TF,RABBY,40.865600,-73.946819,0, ,0.0,0.0,0.0,0.0,2,2000,0,1,180,0,1,0

FINAL,R13,13,G,3
IF,RABBY,40.865600,-73.946819, ,0.0,0.0,2,2000,0,1,180,0,0,0
TF,MEATZ,40.824542,-73.933992,0, ,0.0,0.0,179.0,2.5,2,1300,0,0,0,0,2,0
TF,PRUZK,40.786675,-73.887694,0, ,0.0,0.0,149.0,3.1,1,233,0,0,0,0,3,1
CA,0,149.0,2,421,0,0,0,0,0,0
DF,CEPOG,40.893344,-73.782361,1, ,0.0,0.0,2,2000,0,1,220,0,0,1
HM,CEPOG,40.893344,-73.782361,2, ,0.0,0.0,44.0,04,0,0,0,0,0,0,0,0,0

FINAL,R13-A,13,G,3
IF,CASLE,40.905942,-73.720086,ITKD,54.4,11.2,2,3000,0,0,0,0,0,0
CF,COHOP,40.832883,-73.808183,0,ITKD,54.4,5.2,234.0,5.9,2,1600,0,0,0,0,2,0
CF,MA234,40.793344,-73.855847,0,ITKD,54.3,2.0,234.0,3.2,1,1040,0,0,0,0,3,0
CA,0,234.0,2,1040,0,0,0,0,0,0
CF,PROUD,40.629792,-73.999756,0,LGA,225.0,11.0,225.0,11.0,2,2700,0,0,0,0,0,0
HM,PROUD,40.629792,-73.999756,1, ,0.0,0.0,45.0,04.3,0,0,0,0,0,0,0,0,0

FINAL,R13-B,13,G,3
IF,NISIY,40.907922,-73.717697, ,0.0,0.0,2,3000,0,0,0,0,0,0
TF,COHOP,40.832883,-73.808183,0, ,0.0,0.0,235.0,6.1,2,1600,0,0,0,0,2,0
TF,TIYUK,40.793244,-73.855864,0, ,0.0,0.0,234.0,3.2,1,1040,0,0,0,0,3,1
CA,0,234.0,2,1040,0,0,0,0,0,0
DF,NOGIY,40.756283,-73.900222,0, ,0.0,0.0,0,0,0,0,0,0,0,0
TF,PROUD,40.629792,-73.999756,0, ,0.0,0.0,0.0,0.0,2,2700,0,0,0,0,0,1
HM,PROUD,40.629792,-73.999756,1, ,0.0,0.0,45.0,05,0,0,0,0,0,0,0,0,0

FINAL,R22-A,22,G,3
IF,CASLE,40.905942,-73.720086,ITKD,54.4,11.2,2,3000,0,0,0,0,0,0
CF,COHOP,40.832883,-73.808183,0,ITKD,54.4,5.2,234.0,5.9,2,1600,0,0,0,0,2,0
CF,MA234,40.793344,-73.855847,0,ITKD,54.3,2.0,234.0,3.2,1,1040,0,0,0,0,3,0
CA,0,234.0,2,1040,0,0,0,0,0,0
CF,PROUD,40.629792,-73.999756,0,LGA,225.0,11.0,225.0,11.0,2,2700,0,0,0,0,0,0
HM,PROUD,40.629792,-73.999756,1, ,0.0,0.0,45.0,04.3,0,0,0,0,0,0,0,0,0

FINAL,R22-B,22,G,3
IF,NISIY,40.907922,-73.717697, ,0.0,0.0,2,3000,0,0,0,0,0,0
TF,COHOP,40.832883,-73.808183,0, ,0.0,0.0,235.0,6.1,2,1600,0,0,0,0,2,0
TF,TIYUK,40.793244,-73.855864,0, ,0.0,0.0,234.0,3.2,1,1040,0,0,0,0,3,1
CA,0,234.0,2,1040,0,0,0,0,0,0
DF,NOGIY,40.756283,-73.900222,0, ,0.0,0.0,0,0,0,0,0,0,0,0
TF,PROUD,40.629792,-73.999756,0, ,0.0,0.0,0.0,0.0,2,2700,0,0,0,0,0,1
HM,PROUD,40.629792,-73.999756,1, ,0.0,0.0,45.0,05,0,0,0,0,0,0,0,0,0

FINAL,R22-Y,22,G,3
IF,FROGI,40.954222,-73.730678, ,0.0,0.0,2,3000,0,0,0,0,0,0
TF,GREKO,40.865461,-73.804408,0, ,0.0,0.0,224.0,6.3,2,1900,0,0,0,0,2,0
TF,RW22,40.785436,-73.870672,0, ,0.0,0.0,224.0,5.7,1,64,0,0,0,0,3,1
DF,JEDNO,40.711008,-73.932139,0, ,0.0,0.0,0,0,0,0,0,0,0,0
TF,PROUD,40.629792,-73.999756,0, ,0.0,0.0,0.0,0.0,2,3000,0,0,0,0,0,1
HM,PROUD,40.629792,-73.999756,1, ,0.0,0.0,45.0,05,0,0,0,0,0,0,0,0,0

APPTR,R22-Z,22,HAARP
IF,HAARP,41.116353,-73.593483, ,0.0,0.0,0,0,0,0,0,0,1,0
TF,CASLE,40.905942,-73.720086,0, ,0.0,0.0,0.0,0.0,2,3000,0,0,0,0,1,0

FINAL,R22-Z,22,G,5
IF,CASLE,40.905942,-73.720086, ,0.0,0.0,2,3000,0,0,0,0,0,0
TF,KUZZZ,40.840719,-73.798739,0, ,0.0,0.0,234.0,5.3,2,1600,0,0,0,0,2,0
TF,PARGS,40.822550,-73.835783,0, ,0.0,0.0,249.0,2.0,0,0,0,0,0,0,0,0
RF,KYLIE,40.813678,-73.847317,1,CFBNP,225.6,1.7,0,0,0,0,0,0,0,0
TF,RW22,40.785436,-73.870672,0, ,0.0,0.0,224.0,2.0,1,64,0,0,0,0,3,1
TF,JEDNO,40.711008,-73.932139,0, ,0.0,0.0,0.0,0.0,0,0,0,0,0,0,0,0
TF,PROUD,40.629792,-73.999756,0, ,0.0,0.0,0.0,0.0,2,3000,0,0,0,0,0,1
HM,PROUD,40.629792,-73.999756,1, ,0.0,0.0,45.0,05,0,0,0,0,0,0,0,0,0

FINAL,R31,31,G,3
IF,CHALN,40.674386,-73.653269, ,0.0,0.0,2,2000,0,0,0,0,0,0
TF,ZARID,40.727733,-73.764419,0, ,0.0,0.0,314.0,6.0,2,1700,0,0,0,0,2,0
TF,RW31,40.772072,-73.857111,0, ,0.0,0.0,314.0,5.0,1,57,0,0,0,0,3,1
CA,0,314.0,2,700,0,0,0,0,0,0
DF,CEPOG,40.893344,-73.782361,2, ,0.0,0.0,2,2000,0,1,220,0,0,1
HM,CEPOG,40.893344,-73.782361,2, ,0.0,0.0,44.0,04,0,0,0,0,0,0,0,0,0

FINAL,R31-A,31,G,3
IF,CASLE,40.905942,-73.720086,ITKD,54.4,11.2,2,3000,0,0,0,0,0,0
CF,COHOP,40.832883,-73.808183,0,ITKD,54.4,5.2,234.0,5.9,2,1600,0,0,0,0,2,0
CF,MA234,40.793344,-73.855847,0,ITKD,54.3,2.0,234.0,3.2,1,1040,0,0,0,0,3,0
CA,0,234.0,2,1040,0,0,0,0,0,0
CF,PROUD,40.629792,-73.999756,0,LGA,225.0,11.0,225.0,11.0,2,2700,0,0,0,0,0,0
HM,PROUD,40.629792,-73.999756,1, ,0.0,0.0,45.0,04.3,0,0,0,0,0,0,0,0,0

FINAL,R31-B,31,G,3
IF,NISIY,40.907922,-73.717697, ,0.0,0.0,2,3000,0,0,0,0,0,0
TF,COHOP,40.832883,-73.808183,0, ,0.0,0.0,235.0,6.1,2,1600,0,0,0,0,2,0
TF,TIYUK,40.793244,-73.855864,0, ,0.0,0.0,234.0,3.2,1,1040,0,0,0,0,3,1
CA,0,234.0,2,1040,0,0,0,0,0,0
DF,NOGIY,40.756283,-73.900222,0, ,0.0,0.0,0,0,0,0,0,0,0,0
TF,PROUD,40.629792,-73.999756,0, ,0.0,0.0,0.0,0.0,2,2700,0,0,0,0,0,1
HM,PROUD,40.629792,-73.999756,1, ,0.0,0.0,45.0,05,0,0,0,0,0,0,0,0,0

APPTR,S04,04,COL
IF,COL,40.311633,-74.159728, ,0.0,0.0,0,0,0,0,0,0,1,0
TF,QATAR,40.603908,-74.027753,0, ,0.0,0.0,0.0,0.0,2,3000,0,0,0,0,1,0

FINAL,S04,04,D,4
IF,QATAR,40.603908,-74.027753,LGA,226.0,13.0,2,3000,0,0,0,0,0,0
CF,NORAY,40.700756,-73.942161,0,LGA,226.0,6.0,46.0,7.0,2,1700,0,0,0,0,2,0
CF,WIGOM,40.742242,-73.905403,0,LGA,226.0,3.0,46.0,3.0,2,700,0,0,0,0,0,0
CF,RW04,40.769164,-73.884119,0,LGA,231.0,1.1,46.0,1.9,1,87,0,0,0,0,3,0
CF,GREKO,40.865461,-73.804408,0,LGA,42.8,5.7,43.0,6.8,2,2000,0,0,0,0,0,0
HM,GREKO,40.865461,-73.804408,1, ,0.0,0.0,223.0,04.3,0,0,0,0,0,0,0,0,0

