SID,AGOP2C,25,5
CA,0,248.0,2,620,0,0,0,0,0,0
CF,PB253,48.917833,2.262056,0,CGN,237.0,11.2,246.0,6.0,0,0,0,0,0,0,0,1
DF,PB258,48.901806,1.966250,0, ,0.0,0.0,0,0,0,0,0,0,0,0
TF,RBT,48.653944,1.994222,0, ,0.0,0.0,0.0,0.0,0,0,0,0,0,0,0,0
TF,ADADA,48.295000,2.003611,0, ,0.0,0.0,0.0,0.0,0,0,0,0,0,0,0,0
TF,AGOPA,48.083333,2.009722,0, ,0.0,0.0,0.0,0.0,0,0,0,0,0,0,0,0

SID,AGOP2F,25,5
CA,0,248.0,2,620,0,0,0,0,0,0
CF,PB253,48.917833,2.262056,0,CGN,237.0,11.2,246.0,6.0,0,0,0,0,0,0,0,1
DF,PB258,48.901806,1.966250,0, ,0.0,0.0,0,0,0,0,0,0,0,0
TF,RBT,48.653944,1.994222,0, ,0.0,0.0,0.0,0.0,0,0,0,0,0,0,0,0
TF,ADADA,48.295000,2.003611,0, ,0.0,0.0,0.0,0.0,0,0,0,0,0,0,0,0
TF,AGOPA,48.083333,2.009722,0, ,0.0,0.0,0.0,0.0,0,0,0,0,0,0,0,0

SID,AGOP2J,09,5
CF,PB090,48.969111,2.520389,0,BT,97.4,2.6,85.0,3.0,0,0,0,0,0,0,0,1
CF,PB093,48.951222,2.782028,0,BT,96.1,13.0,96.0,10.0,0,0,0,0,0,0,0,1
DF,PG101,48.839472,2.623056,2, ,0.0,0.0,0,0,0,0,0,0,0,0
TF,POY,48.730139,2.389778,0, ,0.0,0.0,0.0,0.0,0,0,0,0,0,0,0,0
TF,ABOBO,48.509611,2.191528,0, ,0.0,0.0,0.0,0.0,0,0,0,0,0,0,0,0
TF,ADADA,48.295000,2.003611,0, ,0.0,0.0,0.0,0.0,0,0,0,0,0,0,0,0
TF,AGOPA,48.083333,2.009722,0, ,0.0,0.0,0.0,0.0,0,0,0,0,0,0,0,0

SID,AGOP2M,09,5
CF,PB090,48.969111,2.520389,0,BT,97.4,2.6,85.0,3.0,0,0,0,0,0,0,0,1
CF,PB093,48.951222,2.782028,0,BT,96.1,13.0,96.0,10.0,0,0,0,0,0,0,0,1
DF,PG101,48.839472,2.623056,2, ,0.0,0.0,0,0,0,0,0,0,0,0
TF,POY,48.730139,2.389778,0, ,0.0,0.0,0.0,0.0,0,0,0,0,0,0,0,0
TF,ABOBO,48.509611,2.191528,0, ,0.0,0.0,0.0,0.0,0,0,0,0,0,0,0,0
TF,ADADA,48.295000,2.003611,0, ,0.0,0.0,0.0,0.0,0,0,0,0,0,0,0,0
TF,AGOPA,48.083333,2.009722,0, ,0.0,0.0,0.0,0.0,0,0,0,0,0,0,0,0

SID,AGOP2P,21,5
CD, ,0,0,0,BT,0,0.0,205.0,3.4,0,0,0,0,0,0,0,0
CF,PB253,48.917833,2.262056,0,BT,246.0,8.4,266.0,6.0,0,0,0,1,185,0,0,1
DF,PB258,48.901806,1.966250,0, ,0.0,0.0,0,0,0,0,0,0,0,0
TF,RBT,48.653944,1.994222,0, ,0.0,0.0,0.0,0.0,0,0,0,0,0,0,0,0
TF,ADADA,48.295000,2.003611,0, ,0.0,0.0,0.0,0.0,0,0,0,0,0,0,0,0
TF,AGOPA,48.083333,2.009722,0, ,0.0,0.0,0.0,0.0,0,0,0,0,0,0,0,0

SID,AGOP2Q,07,4
CA,0,68.0,2,620,0,0,0,0,0,0
CF,PB093,48.951222,2.782028,0,BT,96.1,13.0,96.0,12.0,0,0,0,0,0,0,0,1
DF,PG101,48.839472,2.623056,2, ,0.0,0.0,0,0,0,0,0,0,0,0

SID,AGOP2Q,21,4
CD, ,0,0,0,BT,0,0.0,205.0,3.4,0,0,0,0,0,0,0,0
CI,1, ,0.0,66.0,0,0,0,1,185,0,0,0
CF,PB093,48.951222,2.782028,0,CGN,110.2,11.9,96.0,4.0,0,0,0,0,0,0,0,1
DF,PG101,48.839472,2.623056,2, ,0.0,0.0,0,0,0,0,0,0,0,0

SID,AGOP2Q,ALL,5
IF,PG101,48.839472,2.623056, ,0.0,0.0,0,0,0,0,0,0,0,0
TF,POY,48.730139,2.389778,0, ,0.0,0.0,0.0,0.0,0,0,0,0,0,0,0,0
TF,ABOBO,48.509611,2.191528,0, ,0.0,0.0,0.0,0.0,0,0,0,0,0,0,0,0
TF,ADADA,48.295000,2.003611,0, ,0.0,0.0,0.0,0.0,0,0,0,0,0,0,0,0
TF,AGOPA,48.083333,2.009722,0, ,0.0,0.0,0.0,0.0,0,0,0,0,0,0,0,0

SID,ATRE2C,25,5
CA,0,248.0,2,620,0,0,0,0,0,0
CF,PB250,48.937333,2.328139,0,BT,246.0,5.5,246.0,3.0,0,0,0,0,0,0,0,1
CF,PB254,48.983333,2.202472,0,CGN,259.5,12.0,316.0,5.0,0,0,0,0,0,0,0,1
DF,ATREX,49.785278,2.368611,0, ,0.0,0.0,0,0,0,0,0,0,0,0

SID,ATRE2F,25,5
CA,0,248.0,2,620,0,0,0,0,0,0
CF,PB250,48.937333,2.328139,0,BT,246.0,5.5,246.0,3.0,0,0,0,0,0,0,0,1
CF,PB254,48.983333,2.202472,0,CGN,259.5,12.0,316.0,5.0,0,0,0,0,0,0,0,1
DF,ATREX,49.785278,2.368611,0, ,0.0,0.0,0,0,0,0,0,0,0,0

SID,ATRE2J,09,5
CF,PB090,48.969111,2.520389,0,BT,97.4,2.6,85.0,3.0,0,0,0,0,0,0,0,1
TF,PB093,48.951222,2.782028,0, ,0.0,0.0,0.0,0.0,0,0,0,0,0,0,0,1
DF,PB094,48.942139,2.905306,0, ,0.0,0.0,0,0,0,0,0,0,0,1
DF,PB096,49.137000,2.937806,1, ,0.0,0.0,0,0,0,0,0,0,0,0
TF,ATREX,49.785278,2.368611,0, ,0.0,0.0,0.0,0.0,0,0,0,0,0,0,0,0

SID,ATRE2M,09,5
CF,PB090,48.969111,2.520389,0,BT,97.4,2.6,85.0,3.0,0,0,0,0,0,0,0,1
TF,PB093,48.951222,2.782028,0, ,0.0,0.0,0.0,0.0,0,0,0,0,0,0,0,1
DF,PB094,48.942139,2.905306,0, ,0.0,0.0,0,0,0,0,0,0,0,1
DF,PB096,49.137000,2.937806,1, ,0.0,0.0,0,0,0,0,0,0,0,0
TF,ATREX,49.785278,2.368611,0, ,0.0,0.0,0.0,0.0,0,0,0,0,0,0,0,0

SID,ATRE2P,21,5
CD, ,0,0,0,BT,0,0.0,205.0,3.4,0,0,0,0,0,0,0,0
CI,0, ,0.0,285.0,0,0,0,1,185,0,0,0
CF,PB254,48.983333,2.202472,0,CGN,259.5,12.0,316.0,6.0,0,0,0,0,0,0,0,1
DF,ATREX,49.785278,2.368611,0, ,0.0,0.0,0,0,0,0,0,0,0,0

SID,ATRE2Q,07,4
CA,0,68.0,2,620,0,0,0,0,0,0
CF,PB093,48.951222,2.782028,0,BT,96.1,13.0,96.0,12.0,0,0,0,0,0,0,0,1

SID,ATRE2Q,21,4
CD, ,0,0,0,BT,0,0.0,205.0,3.4,0,0,0,0,0,0,0,0
CI,1, ,0.0,66.0,0,0,0,1,185,0,0,0
CF,PB093,48.951222,2.782028,0,CGN,110.2,11.9,96.0,4.0,0,0,0,0,0,0,0,1

SID,ATRE2Q,ALL,5
IF,PB093,48.951222,2.782028, ,0.0,0.0,0,0,0,0,0,0,0,0
DF,PB094,48.942139,2.905306,0, ,0.0,0.0,0,0,0,0,0,0,0,1
DF,PB096,49.137000,2.937806,1, ,0.0,0.0,0,0,0,0,0,0,0,0
TF,ATREX,49.785278,2.368611,0, ,0.0,0.0,0.0,0.0,0,0,0,0,0,0,0,0

SID,BAXI2C,25,5
CA,0,248.0,2,620,0,0,0,0,0,0
CF,PB253,48.917833,2.262056,0,CGN,237.0,11.2,246.0,6.0,0,0,0,0,0,0,0,1
DF,PB256,48.910861,2.121472,0, ,0.0,0.0,0,0,0,0,0,0,0,1
DF,PIVER,48.795944,2.267528,1, ,0.0,0.0,0,0,0,0,0,0,0,0
TF,CLM,48.844639,3.013861,0, ,0.0,0.0,0.0,0.0,0,0,0,0,0,0,0,0
TF,BEKOS,48.811667,3.548056,0, ,0.0,0.0,0.0,0.0,0,0,0,0,0,0,0,0
TF,BAXIR,48.790556,3.870000,0, ,0.0,0.0,0.0,0.0,0,0,0,0,0,0,0,0

SID,BAXI2F,25,5
CA,0,248.0,2,620,0,0,0,0,0,0
CF,PB253,48.917833,2.262056,0,CGN,237.0,11.2,246.0,6.0,0,0,0,0,0,0,0,1
DF,PB256,48.910861,2.121472,0, ,0.0,0.0,0,0,0,0,0,0,0,1
DF,PIVER,48.795944,2.267528,1, ,0.0,0.0,0,0,0,0,0,0,0,0
TF,CLM,48.844639,3.013861,0, ,0.0,0.0,0.0,0.0,0,0,0,0,0,0,0,0
TF,BEKOS,48.811667,3.548056,0, ,0.0,0.0,0.0,0.0,0,0,0,0,0,0,0,0
TF,BAXIR,48.790556,3.870000,0, ,0.0,0.0,0.0,0.0,0,0,0,0,0,0,0,0

SID,BAXI2J,09,5
CF,PB090,48.969111,2.520389,0,BT,97.4,2.6,85.0,3.0,0,0,0,0,0,0,0,1
TF,PB093,48.951222,2.782028,0, ,0.0,0.0,0.0,0.0,0,0,0,0,0,0,0,1
DF,PB094,48.942139,2.905306,0, ,0.0,0.0,0,0,0,0,0,0,0,1
DF,PB098,48.927361,3.102139,0, ,0.0,0.0,0,0,0,0,0,0,0,1
DF,BEKOS,48.811667,3.548056,0, ,0.0,0.0,0,0,0,0,0,0,0,0
TF,BAXIR,48.790556,3.870000,0, ,0.0,0.0,0.0,0.0,0,0,0,0,0,0,0,0

SID,BAXI2M,09,5
CF,PB090,48.969111,2.520389,0,BT,97.4,2.6,85.0,3.0,0,0,0,0,0,0,0,1
TF,PB093,48.951222,2.782028,0, ,0.0,0.0,0.0,0.0,0,0,0,0,0,0,0,1
DF,PB094,48.942139,2.905306,0, ,0.0,0.0,0,0,0,0,0,0,0,1
DF,PB098,48.927361,3.102139,0, ,0.0,0.0,0,0,0,0,0,0,0,1
DF,BEKOS,48.811667,3.548056,0, ,0.0,0.0,0,0,0,0,0,0,0,0
TF,BAXIR,48.790556,3.870000,0, ,0.0,0.0,0.0,0.0,0,0,0,0,0,0,0,0

SID,BAXI2P,21,5
CD, ,0,0,0,BT,0,0.0,205.0,3.4,0,0,0,0,0,0,0,0
CF,PB253,48.917833,2.262056,0,BT,246.0,8.4,266.0,6.0,0,0,0,1,185,0,0,1
DF,PB256,48.910861,2.121472,0, ,0.0,0.0,0,0,0,0,0,0,0,1
DF,PIVER,48.795944,2.267528,1, ,0.0,0.0,0,0,0,0,0,0,0,0
TF,CLM,48.844639,3.013861,0, ,0.0,0.0,0.0,0.0,0,0,0,0,0,0,0,0
TF,BEKOS,48.811667,3.548056,0, ,0.0,0.0,0.0,0.0,0,0,0,0,0,0,0,0
TF,BAXIR,48.790556,3.870000,0, ,0.0,0.0,0.0,0.0,0,0,0,0,0,0,0,0

SID,BAXI2Q,07,4
CA,0,68.0,2,620,0,0,0,0,0,0
CF,PB093,48.951222,2.782028,0,BT,96.1,13.0,96.0,12.0,0,0,0,0,0,0,0,1

SID,BAXI2Q,21,4
CD, ,0,0,0,BT,0,0.0,205.0,3.4,0,0,0,0,0,0,0,0
CI,1, ,0.0,66.0,0,0,0,1,185,0,0,0
CF,PB093,48.951222,2.782028,0,CGN,110.2,11.9,96.0,4.0,0,0,0,0,0,0,0,1

SID,BAXI2Q,ALL,5
IF,PB093,48.951222,2.782028, ,0.0,0.0,0,0,0,0,0,0,0,0
DF,PB094,48.942139,2.905306,0, ,0.0,0.0,0,0,0,0,0,0,0,1
DF,PB098,48.927361,3.102139,0, ,0.0,0.0,0,0,0,0,0,0,0,1
DF,BEKOS,48.811667,3.548056,0, ,0.0,0.0,0,0,0,0,0,0,0,0
TF,BAXIR,48.790556,3.870000,0, ,0.0,0.0,0.0,0.0,0,0,0,0,0,0,0,0

SID,BUBL2C,25,5
CA,0,248.0,2,620,0,0,0,0,0,0
CF,PB253,48.917833,2.262056,0,CGN,237.0,11.2,246.0,6.0,0,0,0,0,0,0,0,1
DF,PB256,48.910861,2.121472,0, ,0.0,0.0,0,0,0,0,0,0,0,1
DF,PIVER,48.795944,2.267528,1, ,0.0,0.0,0,0,0,0,0,0,0,0
TF,CLM,48.844639,3.013861,0, ,0.0,0.0,0.0,0.0,0,0,0,0,0,0,0,0
TF,BEKOS,48.811667,3.548056,0, ,0.0,0.0,0.0,0.0,0,0,0,0,0,0,0,0
TF,BUBLI,48.771667,4.150000,0, ,0.0,0.0,0.0,0.0,0,0,0,0,0,0,0,0

SID,BUBL2F,25,5
CA,0,248.0,2,620,0,0,0,0,0,0
CF,PB253,48.917833,2.262056,0,CGN,237.0,11.2,246.0,6.0,0,0,0,0,0,0,0,1
DF,PB256,48.910861,2.121472,0, ,0.0,0.0,0,0,0,0,0,0,0,1
DF,PIVER,48.795944,2.267528,1, ,0.0,0.0,0,0,0,0,0,0,0,0
TF,CLM,48.844639,3.013861,0, ,0.0,0.0,0.0,0.0,0,0,0,0,0,0,0,0
TF,BEKOS,48.811667,3.548056,0, ,0.0,0.0,0.0,0.0,0,0,0,0,0,0,0,0
TF,BUBLI,48.771667,4.150000,0, ,0.0,0.0,0.0,0.0,0,0,0,0,0,0,0,0

SID,BUBL2J,09,5
CF,PB090,48.969111,2.520389,0,BT,97.4,2.6,85.0,3.0,0,0,0,0,0,0,0,1
TF,PB093,48.951222,2.782028,0, ,0.0,0.0,0.0,0.0,0,0,0,0,0,0,0,1
DF,PB094,48.942139,2.905306,0, ,0.0,0.0,0,0,0,0,0,0,0,1
DF,PB098,48.927361,3.102139,0, ,0.0,0.0,0,0,0,0,0,0,0,1
DF,BEKOS,48.811667,3.548056,0, ,0.0,0.0,0,0,0,0,0,0,0,0
TF,BUBLI,48.771667,4.150000,0, ,0.0,0.0,0.0,0.0,0,0,0,0,0,0,0,0

SID,BUBL2M,09,5
CF,PB090,48.969111,2.520389,0,BT,97.4,2.6,85.0,3.0,0,0,0,0,0,0,0,1
TF,PB093,48.951222,2.782028,0, ,0.0,0.0,0.0,0.0,0,0,0,0,0,0,0,1
DF,PB094,48.942139,2.905306,0, ,0.0,0.0,0,0,0,0,0,0,0,1
DF,PB098,48.927361,3.102139,0, ,0.0,0.0,0,0,0,0,0,0,0,1
DF,BEKOS,48.811667,3.548056,0, ,0.0,0.0,0,0,0,0,0,0,0,0
TF,BUBLI,48.771667,4.150000,0, ,0.0,0.0,0.0,0.0,0,0,0,0,0,0,0,0

SID,BUBL2P,21,5
CD, ,0,0,0,BT,0,0.0,205.0,3.4,0,0,0,0,0,0,0,0
CF,PB253,48.917833,2.262056,0,BT,246.0,8.4,266.0,6.0,0,0,0,1,185,0,0,1
DF,PB256,48.910861,2.121472,0, ,0.0,0.0,0,0,0,0,0,0,0,1
DF,PIVER,48.795944,2.267528,1, ,0.0,0.0,0,0,0,0,0,0,0,0
TF,CLM,48.844639,3.013861,0, ,0.0,0.0,0.0,0.0,0,0,0,0,0,0,0,0
TF,BEKOS,48.811667,3.548056,0, ,0.0,0.0,0.0,0.0,0,0,0,0,0,0,0,0
TF,BUBLI,48.771667,4.150000,0, ,0.0,0.0,0.0,0.0,0,0,0,0,0,0,0,0

SID,BUBL2Q,07,4
CA,0,68.0,2,620,0,0,0,0,0,0
CF,PB093,48.951222,2.782028,0,BT,96.1,13.0,96.0,12.0,0,0,0,0,0,0,0,1

SID,BUBL2Q,21,4
CD, ,0,0,0,BT,0,0.0,205.0,3.4,0,0,0,0,0,0,0,0
CI,1, ,0.0,66.0,0,0,0,1,185,0,0,0
CF,PB093,48.951222,2.782028,0,CGN,110.2,11.9,96.0,4.0,0,0,0,0,0,0,0,1

SID,BUBL2Q,ALL,5
IF,PB093,48.951222,2.782028, ,0.0,0.0,0,0,0,0,0,0,0,0
DF,PB094,48.942139,2.905306,0, ,0.0,0.0,0,0,0,0,0,0,0,1
DF,PB098,48.927361,3.102139,0, ,0.0,0.0,0,0,0,0,0,0,0,1
DF,BEKOS,48.811667,3.548056,0, ,0.0,0.0,0,0,0,0,0,0,0,0
TF,BUBLI,48.771667,4.150000,0, ,0.0,0.0,0.0,0.0,0,0,0,0,0,0,0,0

SID,DIKO2C,25,5
CA,0,248.0,2,620,0,0,0,0,0,0
CF,PB253,48.917833,2.262056,0,CGN,237.0,11.2,246.0,6.0,0,0,0,0,0,0,0,1
DF,PB256,48.910861,2.121472,0, ,0.0,0.0,0,0,0,0,0,0,0,1
DF,PIVER,48.795944,2.267528,1, ,0.0,0.0,0,0,0,0,0,0,0,0
TF,CLM,48.844639,3.013861,0, ,0.0,0.0,0.0,0.0,0,0,0,0,0,0,0,0
TF,NEPAR,49.086111,3.550833,0, ,0.0,0.0,0.0,0.0,0,0,0,0,0,0,0,0
TF,DIKOL,49.137500,4.049167,0, ,0.0,0.0,0.0,0.0,0,0,0,0,0,0,0,0

SID,DIKO2F,25,5
CA,0,248.0,2,620,0,0,0,0,0,0
CF,PB253,48.917833,2.262056,0,CGN,237.0,11.2,246.0,6.0,0,0,0,0,0,0,0,1
DF,PB256,48.910861,2.121472,0, ,0.0,0.0,0,0,0,0,0,0,0,1
DF,PIVER,48.795944,2.267528,1, ,0.0,0.0,0,0,0,0,0,0,0,0
TF,CLM,48.844639,3.013861,0, ,0.0,0.0,0.0,0.0,0,0,0,0,0,0,0,0
TF,NEPAR,49.086111,3.550833,0, ,0.0,0.0,0.0,0.0,0,0,0,0,0,0,0,0
TF,DIKOL,49.137500,4.049167,0, ,0.0,0.0,0.0,0.0,0,0,0,0,0,0,0,0

SID,DIKO2J,09,5
CF,PB090,48.969111,2.520389,0,BT,97.4,2.6,85.0,3.0,0,0,0,0,0,0,0,1
TF,PB093,48.951222,2.782028,0, ,0.0,0.0,0.0,0.0,0,0,0,0,0,0,0,1
DF,PB094,48.942139,2.905306,0, ,0.0,0.0,0,0,0,0,0,0,0,1
DF,NEPAR,49.086111,3.550833,0, ,0.0,0.0,0,0,0,0,0,0,0,0
TF,DIKOL,49.137500,4.049167,0, ,0.0,0.0,0.0,0.0,0,0,0,0,0,0,0,0

SID,DIKO2M,09,5
CF,PB090,48.969111,2.520389,0,BT,97.4,2.6,85.0,3.0,0,0,0,0,0,0,0,1
TF,PB093,48.951222,2.782028,0, ,0.0,0.0,0.0,0.0,0,0,0,0,0,0,0,1
DF,PB094,48.942139,2.905306,0, ,0.0,0.0,0,0,0,0,0,0,0,1
DF,NEPAR,49.086111,3.550833,0, ,0.0,0.0,0,0,0,0,0,0,0,0
TF,DIKOL,49.137500,4.049167,0, ,0.0,0.0,0.0,0.0,0,0,0,0,0,0,0,0

SID,DIKO2P,21,5
CD, ,0,0,0,BT,0,0.0,205.0,3.4,0,0,0,0,0,0,0,0
CF,PB253,48.917833,2.262056,0,BT,246.0,8.4,266.0,6.0,0,0,0,1,185,0,0,1
DF,PB256,48.910861,2.121472,0, ,0.0,0.0,0,0,0,0,0,0,0,1
DF,PIVER,48.795944,2.267528,1, ,0.0,0.0,0,0,0,0,0,0,0,0
TF,CLM,48.844639,3.013861,0, ,0.0,0.0,0.0,0.0,0,0,0,0,0,0,0,0
TF,NEPAR,49.086111,3.550833,0, ,0.0,0.0,0.0,0.0,0,0,0,0,0,0,0,0
TF,DIKOL,49.137500,4.049167,0, ,0.0,0.0,0.0,0.0,0,0,0,0,0,0,0,0

SID,DIKO2Q,07,4
CA,0,68.0,2,620,0,0,0,0,0,0
CF,PB093,48.951222,2.782028,0,BT,96.1,13.0,96.0,12.0,0,0,0,0,0,0,0,1

SID,DIKO2Q,21,4
CD, ,0,0,0,BT,0,0.0,205.0,3.4,0,0,0,0,0,0,0,0
CI,1, ,0.0,66.0,0,0,0,1,185,0,0,0
CF,PB093,48.951222,2.782028,0,CGN,110.2,11.9,96.0,4.0,0,0,0,0,0,0,0,1

SID,DIKO2Q,ALL,5
IF,PB093,48.951222,2.782028, ,0.0,0.0,0,0,0,0,0,0,0,0
DF,PB094,48.942139,2.905306,0, ,0.0,0.0,0,0,0,0,0,0,0,1
DF,NEPAR,49.086111,3.550833,0, ,0.0,0.0,0,0,0,0,0,0,0,0
TF,DIKOL,49.137500,4.049167,0, ,0.0,0.0,0.0,0.0,0,0,0,0,0,0,0,0

SID,DORD2C,21,1
CF,D211C,48.926231,2.410853,0,CGN,212.1,6.6,205.0,3.0,0,0,0,0,0,0,0,1
CF,PB253,48.917833,2.262056,0,CGN,237.0,11.2,266.0,6.0,0,0,0,1,185,0,0,0
FD,PB253,48.917833,2.262056,0,BT,246.0,12.0,246.0,12.0,0,0,0,0,0,0,0,0
CF,POY,48.730139,2.389778,1,CGN,194.1,17.9,124.0,11.0,0,0,0,0,0,0,0,0

SID,DORD2C,25,1
CA,0,248.0,2,620,0,0,0,0,0,0
CF,PB253,48.917833,2.262056,0,CGN,237.0,11.2,246.0,7.0,0,0,0,0,0,0,0,0
FD,PB253,48.917833,2.262056,0,BT,246.0,12.0,246.0,12.0,0,0,0,0,0,0,0,0
CF,POY,48.730139,2.389778,1,CGN,194.1,17.9,124.0,11.0,0,0,0,0,0,0,0,0

SID,DORD2C,ALL,2
IF,POY,48.730139,2.389778, ,0.0,0.0,0,0,0,0,0,0,0,0
TF,DORDI,48.220000,2.791944,0, ,0.0,0.0,0.0,0.0,0,0,0,0,0,0,0,0

SID,DORD2F,21,1
CF,D211C,48.926231,2.410853,0,CGN,212.1,6.6,205.0,3.0,0,0,0,0,0,0,0,1
CF,PB253,48.917833,2.262056,0,CGN,237.0,11.2,266.0,6.0,0,0,0,1,185,0,0,0
FD,PB253,48.917833,2.262056,0,BT,246.0,12.0,246.0,12.0,0,0,0,0,0,0,0,0
CF,POY,48.730139,2.389778,1,CGN,194.1,17.9,124.0,11.0,0,0,0,0,0,0,0,0

SID,DORD2F,25,1
CA,0,248.0,2,620,0,0,0,0,0,0
CF,PB253,48.917833,2.262056,0,CGN,237.0,11.2,246.0,7.0,0,0,0,0,0,0,0,0
FD,PB253,48.917833,2.262056,0,BT,246.0,12.0,246.0,12.0,0,0,0,0,0,0,0,0
CF,POY,48.730139,2.389778,1,CGN,194.1,17.9,124.0,11.0,0,0,0,0,0,0,0,0

SID,DORD2F,ALL,2
IF,POY,48.730139,2.389778, ,0.0,0.0,0,0,0,0,0,0,0,0
TF,DORDI,48.220000,2.791944,0, ,0.0,0.0,0.0,0.0,0,0,0,0,0,0,0,0

SID,DORD2J,07,1
CA,0,68.0,2,620,0,0,0,0,0,0
CF,PB093,48.951222,2.782028,0,BT,96.1,13.0,96.0,12.0,0,0,0,0,0,0,0,1
CF,MLN,48.455778,2.813278,0,CLM,198.9,24.7,182.0,30.0,0,0,0,0,0,0,0,0

SID,DORD2J,09,1
CD, ,0,0,0,BT,0,0.0,85.0,2.6,0,0,0,0,0,0,0,0
CF,PB093,48.951222,2.782028,0,BT,96.1,13.0,96.0,10.0,0,0,0,0,0,0,0,1
CF,MLN,48.455778,2.813278,0,CLM,198.9,24.7,182.0,30.0,0,0,0,0,0,0,0,0

SID,DORD2J,21,1
CF,D211C,48.926231,2.410853,0,CGN,212.1,6.6,205.0,3.0,0,0,0,0,0,0,0,1
CI,1, ,0.0,66.0,0,0,0,1,185,0,0,0
CF,PB093,48.951222,2.782028,0,CGN,110.2,11.9,96.0,4.0,0,0,0,0,0,0,0,1
CF,MLN,48.455778,2.813278,0,CLM,198.9,24.7,182.0,30.0,0,0,0,0,0,0,0,0

SID,DORD2J,ALL,2
IF,MLN,48.455778,2.813278, ,0.0,0.0,0,0,0,0,0,0,0,0
TF,DORDI,48.220000,2.791944,0, ,0.0,0.0,0.0,0.0,0,0,0,0,0,0,0,0

SID,DORD2M,07,1
CA,0,68.0,2,620,0,0,0,0,0,0
CF,PB093,48.951222,2.782028,0,BT,96.1,13.0,96.0,12.0,0,0,0,0,0,0,0,1
CF,D074O,48.820197,2.456306,2,RBT,61.3,20.9,254.0,15.0,0,0,0,0,0,0,0,1
DF,POY,48.730139,2.389778,0, ,0.0,0.0,0,0,0,0,0,0,0,0

SID,DORD2M,09,1
CD, ,0,0,0,BT,0,0.0,85.0,2.6,0,0,0,0,0,0,0,0
CF,PB093,48.951222,2.782028,0,BT,96.1,13.0,96.0,10.0,0,0,0,0,0,0,0,1
CF,D074O,48.820197,2.456306,2,RBT,61.3,20.9,254.0,15.0,0,0,0,0,0,0,0,1
DF,POY,48.730139,2.389778,0, ,0.0,0.0,0,0,0,0,0,0,0,0

SID,DORD2M,21,1
CF,D211C,48.926231,2.410853,0,CGN,212.1,6.6,205.0,3.0,0,0,0,0,0,0,0,1
CI,1, ,0.0,66.0,0,0,0,1,185,0,0,0
CF,PB093,48.951222,2.782028,0,CGN,110.2,11.9,96.0,4.0,0,0,0,0,0,0,0,1
CF,D074O,48.820197,2.456306,2,RBT,61.3,20.9,254.0,15.0,0,0,0,0,0,0,0,1
DF,POY,48.730139,2.389778,0, ,0.0,0.0,0,0,0,0,0,0,0,0

SID,DORD2M,ALL,2
IF,POY,48.730139,2.389778, ,0.0,0.0,0,0,0,0,0,0,0,0
TF,DORDI,48.220000,2.791944,0, ,0.0,0.0,0.0,0.0,0,0,0,0,0,0,0,0

SID,ERIX2C,25,5
CA,0,248.0,2,620,0,0,0,0,0,0
CF,PB253,48.917833,2.262056,0,CGN,237.0,11.2,246.0,6.0,0,0,0,0,0,0,0,1
DF,PB258,48.901806,1.966250,0, ,0.0,0.0,0,0,0,0,0,0,0,0
TF,RBT,48.653944,1.994222,0, ,0.0,0.0,0.0,0.0,0,0,0,0,0,0,0,0
TF,EDOXA,48.290833,2.209444,0, ,0.0,0.0,0.0,0.0,0,0,0,0,0,0,0,0
TF,ERIXU,48.083333,2.259722,0, ,0.0,0.0,0.0,0.0,0,0,0,0,0,0,0,0

SID,ERIX2F,25,5
CA,0,248.0,2,620,0,0,0,0,0,0
CF,PB253,48.917833,2.262056,0,CGN,237.0,11.2,246.0,6.0,0,0,0,0,0,0,0,1
DF,PB258,48.901806,1.966250,0, ,0.0,0.0,0,0,0,0,0,0,0,0
TF,RBT,48.653944,1.994222,0, ,0.0,0.0,0.0,0.0,0,0,0,0,0,0,0,0
TF,EDOXA,48.290833,2.209444,0, ,0.0,0.0,0.0,0.0,0,0,0,0,0,0,0,0
TF,ERIXU,48.083333,2.259722,0, ,0.0,0.0,0.0,0.0,0,0,0,0,0,0,0,0

SID,ERIX2J,09,5
CF,PB090,48.969111,2.520389,0,BT,97.4,2.6,85.0,3.0,0,0,0,0,0,0,0,1
CF,PB093,48.951222,2.782028,0,BT,96.1,13.0,96.0,10.0,0,0,0,0,0,0,0,1
DF,PG101,48.839472,2.623056,2, ,0.0,0.0,0,0,0,0,0,0,0,0
TF,POY,48.730139,2.389778,0, ,0.0,0.0,0.0,0.0,0,0,0,0,0,0,0,0
TF,ABOBO,48.509611,2.191528,0, ,0.0,0.0,0.0,0.0,0,0,0,0,0,0,0,0
TF,EDOXA,48.290833,2.209444,0, ,0.0,0.0,0.0,0.0,0,0,0,0,0,0,0,0
TF,ERIXU,48.083333,2.259722,0, ,0.0,0.0,0.0,0.0,0,0,0,0,0,0,0,0

SID,ERIX2M,09,5
CF,PB090,48.969111,2.520389,0,BT,97.4,2.6,85.0,3.0,0,0,0,0,0,0,0,1
CF,PB093,48.951222,2.782028,0,BT,96.1,13.0,96.0,10.0,0,0,0,0,0,0,0,1
DF,PG101,48.839472,2.623056,2, ,0.0,0.0,0,0,0,0,0,0,0,0
TF,POY,48.730139,2.389778,0, ,0.0,0.0,0.0,0.0,0,0,0,0,0,0,0,0
TF,ABOBO,48.509611,2.191528,0, ,0.0,0.0,0.0,0.0,0,0,0,0,0,0,0,0
TF,EDOXA,48.290833,2.209444,0, ,0.0,0.0,0.0,0.0,0,0,0,0,0,0,0,0
TF,ERIXU,48.083333,2.259722,0, ,0.0,0.0,0.0,0.0,0,0,0,0,0,0,0,0

SID,ERIX2P,21,5
CD, ,0,0,0,BT,0,0.0,205.0,3.4,0,0,0,0,0,0,0,0
CF,PB253,48.917833,2.262056,0,BT,246.0,8.4,266.0,6.0,0,0,0,1,185,0,0,1
DF,PB258,48.901806,1.966250,0, ,0.0,0.0,0,0,0,0,0,0,0,0
TF,RBT,48.653944,1.994222,0, ,0.0,0.0,0.0,0.0,0,0,0,0,0,0,0,0
TF,EDOXA,48.290833,2.209444,0, ,0.0,0.0,0.0,0.0,0,0,0,0,0,0,0,0
TF,ERIXU,48.083333,2.259722,0, ,0.0,0.0,0.0,0.0,0,0,0,0,0,0,0,0

SID,ERIX2Q,07,4
CA,0,68.0,2,620,0,0,0,0,0,0
CF,PB093,48.951222,2.782028,0,BT,96.1,13.0,96.0,12.0,0,0,0,0,0,0,0,1
DF,PG101,48.839472,2.623056,2, ,0.0,0.0,0,0,0,0,0,0,0,0

SID,ERIX2Q,21,4
CD, ,0,0,0,BT,0,0.0,205.0,3.4,0,0,0,0,0,0,0,0
CI,1, ,0.0,66.0,0,0,0,1,185,0,0,0
CF,PB093,48.951222,2.782028,0,CGN,110.2,11.9,96.0,4.0,0,0,0,0,0,0,0,1
DF,PG101,48.839472,2.623056,2, ,0.0,0.0,0,0,0,0,0,0,0,0

SID,ERIX2Q,ALL,5
IF,PG101,48.839472,2.623056, ,0.0,0.0,0,0,0,0,0,0,0,0
TF,POY,48.730139,2.389778,0, ,0.0,0.0,0.0,0.0,0,0,0,0,0,0,0,0
TF,ABOBO,48.509611,2.191528,0, ,0.0,0.0,0.0,0.0,0,0,0,0,0,0,0,0
TF,EDOXA,48.290833,2.209444,0, ,0.0,0.0,0.0,0.0,0,0,0,0,0,0,0,0
TF,ERIXU,48.083333,2.259722,0, ,0.0,0.0,0.0,0.0,0,0,0,0,0,0,0,0

SID,EVX2C,25,5
CA,0,248.0,2,620,0,0,0,0,0,0
CF,PB253,48.917833,2.262056,0,CGN,237.0,11.2,246.0,6.0,0,0,0,0,0,0,0,1
DF,PG286,48.958306,1.892583,0, ,0.0,0.0,0,0,0,0,0,0,0,0
TF,EVX,49.031694,1.220861,0, ,0.0,0.0,0.0,0.0,0,0,0,0,0,0,0,0

SID,EVX2F,25,5
CA,0,248.0,2,620,0,0,0,0,0,0
CF,PB253,48.917833,2.262056,0,CGN,237.0,11.2,246.0,6.0,0,0,0,0,0,0,0,1
DF,PG286,48.958306,1.892583,0, ,0.0,0.0,0,0,0,0,0,0,0,0
TF,EVX,49.031694,1.220861,0, ,0.0,0.0,0.0,0.0,0,0,0,0,0,0,0,0

SID,EVX2J,09,5
CF,PB090,48.969111,2.520389,0,BT,97.4,2.6,85.0,3.0,0,0,0,0,0,0,0,1
TF,PB093,48.951222,2.782028,0, ,0.0,0.0,0.0,0.0,0,0,0,0,0,0,0,1
DF,KELUD,48.801056,2.394472,2, ,0.0,0.0,0,0,0,0,0,0,0,0
TF,EVX,49.031694,1.220861,0, ,0.0,0.0,0.0,0.0,0,0,0,0,0,0,0,0

SID,EVX2M,09,5
CF,PB090,48.969111,2.520389,0,BT,97.4,2.6,85.0,3.0,0,0,0,0,0,0,0,1
TF,PB093,48.951222,2.782028,0, ,0.0,0.0,0.0,0.0,0,0,0,0,0,0,0,1
DF,KELUD,48.801056,2.394472,2, ,0.0,0.0,0,0,0,0,0,0,0,0
TF,EVX,49.031694,1.220861,0, ,0.0,0.0,0.0,0.0,0,0,0,0,0,0,0,0

SID,EVX2P,21,5
CD, ,0,0,0,BT,0,0.0,205.0,3.4,0,0,0,0,0,0,0,0
CF,PB253,48.917833,2.262056,0,BT,246.0,8.4,266.0,6.0,0,0,0,1,185,0,0,1
DF,PG286,48.958306,1.892583,0, ,0.0,0.0,0,0,0,0,0,0,0,0
TF,EVX,49.031694,1.220861,0, ,0.0,0.0,0.0,0.0,0,0,0,0,0,0,0,0

SID,EVX2Q,07,4
CA,0,68.0,2,620,0,0,0,0,0,0
CF,PB093,48.951222,2.782028,0,BT,96.1,13.0,96.0,12.0,0,0,0,0,0,0,0,1
DF,KELUD,48.801056,2.394472,2, ,0.0,0.0,0,0,0,0,0,0,0,0

SID,EVX2Q,21,4
CD, ,0,0,0,BT,0,0.0,205.0,3.4,0,0,0,0,0,0,0,0
CI,1, ,0.0,66.0,0,0,0,1,185,0,0,0
CF,PB093,48.951222,2.782028,0,CGN,110.2,11.9,96.0,4.0,0,0,0,0,0,0,0,1
DF,KELUD,48.801056,2.394472,2, ,0.0,0.0,0,0,0,0,0,0,0,0

SID,EVX2Q,ALL,5
IF,KELUD,48.801056,2.394472, ,0.0,0.0,0,0,0,0,0,0,0,0
TF,EVX,49.031694,1.220861,0, ,0.0,0.0,0.0,0.0,0,0,0,0,0,0,0,0

SID,LANV2C,25,5
CA,0,248.0,2,620,0,0,0,0,0,0
CF,PB253,48.917833,2.262056,0,BT,246.0,8.4,246.0,7.0,0,0,0,0,0,0,0,1
DF,PB256,48.910861,2.121472,0, ,0.0,0.0,0,0,0,0,0,0,0,1
DF,PIVER,48.795944,2.267528,1, ,0.0,0.0,0,0,0,0,0,0,0,0
TF,CLM,48.844639,3.013861,0, ,0.0,0.0,0.0,0.0,0,0,0,0,0,0,0,0
TF,LUPAM,48.938056,3.549444,0, ,0.0,0.0,0.0,0.0,0,0,0,0,0,0,0,0
TF,LASIV,48.900833,4.226944,0, ,0.0,0.0,0.0,0.0,0,0,0,0,0,0,0,0
TF,LANVI,48.311667,5.797222,0, ,0.0,0.0,0.0,0.0,0,0,0,0,0,0,0,0

SID,LANV2F,25,5
CA,0,248.0,2,620,0,0,0,0,0,0
CF,PB253,48.917833,2.262056,0,BT,246.0,8.4,246.0,7.0,0,0,0,0,0,0,0,1
DF,PB256,48.910861,2.121472,0, ,0.0,0.0,0,0,0,0,0,0,0,1
DF,PIVER,48.795944,2.267528,1, ,0.0,0.0,0,0,0,0,0,0,0,0
TF,CLM,48.844639,3.013861,0, ,0.0,0.0,0.0,0.0,0,0,0,0,0,0,0,0
TF,LUPAM,48.938056,3.549444,0, ,0.0,0.0,0.0,0.0,0,0,0,0,0,0,0,0
TF,LASIV,48.900833,4.226944,0, ,0.0,0.0,0.0,0.0,0,0,0,0,0,0,0,0
TF,LANVI,48.311667,5.797222,0, ,0.0,0.0,0.0,0.0,0,0,0,0,0,0,0,0

SID,LANV2J,09,5
CF,PB090,48.969111,2.520389,0,BT,97.4,2.6,85.0,3.0,0,0,0,0,0,0,0,1
TF,PB093,48.951222,2.782028,0, ,0.0,0.0,0.0,0.0,0,0,0,0,0,0,0,1
DF,PB094,48.942139,2.905306,0, ,0.0,0.0,0,0,0,0,0,0,0,1
DF,LUPAM,48.938056,3.549444,0, ,0.0,0.0,0,0,0,0,0,0,0,0
TF,LASIV,48.900833,4.226944,0, ,0.0,0.0,0.0,0.0,0,0,0,0,0,0,0,0
TF,LANVI,48.311667,5.797222,0, ,0.0,0.0,0.0,0.0,0,0,0,0,0,0,0,0

SID,LANV2M,09,5
CF,PB090,48.969111,2.520389,0,BT,97.4,2.6,85.0,3.0,0,0,0,0,0,0,0,1
TF,PB093,48.951222,2.782028,0, ,0.0,0.0,0.0,0.0,0,0,0,0,0,0,0,1
DF,PB094,48.942139,2.905306,0, ,0.0,0.0,0,0,0,0,0,0,0,1
DF,LUPAM,48.938056,3.549444,0, ,0.0,0.0,0,0,0,0,0,0,0,0
TF,LASIV,48.900833,4.226944,0, ,0.0,0.0,0.0,0.0,0,0,0,0,0,0,0,0
TF,LANVI,48.311667,5.797222,0, ,0.0,0.0,0.0,0.0,0,0,0,0,0,0,0,0

SID,LANV2P,21,5
CD, ,0,0,0,BT,0,0.0,205.0,3.4,0,0,0,0,0,0,0,0
CF,PB253,48.917833,2.262056,0,BT,246.0,8.4,266.0,6.0,0,0,0,1,185,0,0,1
DF,PB256,48.910861,2.121472,0, ,0.0,0.0,0,0,0,0,0,0,0,1
DF,PIVER,48.795944,2.267528,1, ,0.0,0.0,0,0,0,0,0,0,0,0
TF,CLM,48.844639,3.013861,0, ,0.0,0.0,0.0,0.0,0,0,0,0,0,0,0,0
TF,LUPAM,48.938056,3.549444,0, ,0.0,0.0,0.0,0.0,0,0,0,0,0,0,0,0
TF,LASIV,48.900833,4.226944,0, ,0.0,0.0,0.0,0.0,0,0,0,0,0,0,0,0
TF,LANVI,48.311667,5.797222,0, ,0.0,0.0,0.0,0.0,0,0,0,0,0,0,0,0

SID,LANV2Q,07,4
CA,0,68.0,2,620,0,0,0,0,0,0
CF,PB093,48.951222,2.782028,0,BT,96.1,13.0,96.0,12.0,0,0,0,0,0,0,0,1

SID,LANV2Q,21,4
CD, ,0,0,0,BT,0,0.0,205.0,3.4,0,0,0,0,0,0,0,0
CI,1, ,0.0,66.0,0,0,0,1,185,0,0,0
CF,PB093,48.951222,2.782028,0,CGN,110.2,11.9,96.0,4.0,0,0,0,0,0,0,0,1

SID,LANV2Q,ALL,5
IF,PB093,48.951222,2.782028, ,0.0,0.0,0,0,0,0,0,0,0,0
DF,PB094,48.942139,2.905306,0, ,0.0,0.0,0,0,0,0,0,0,0,1
DF,LUPAM,48.938056,3.549444,0, ,0.0,0.0,0,0,0,0,0,0,0,0
TF,LASIV,48.900833,4.226944,0, ,0.0,0.0,0.0,0.0,0,0,0,0,0,0,0,0
TF,LANVI,48.311667,5.797222,0, ,0.0,0.0,0.0,0.0,0,0,0,0,0,0,0,0

SID,LATR2C,25,5
CA,0,248.0,2,620,0,0,0,0,0,0
CF,PB253,48.917833,2.262056,0,CGN,237.0,11.2,246.0,6.0,0,0,0,0,0,0,0,1
DF,PB256,48.910861,2.121472,0, ,0.0,0.0,0,0,0,0,0,0,0,1
DF,DEROL,48.677611,2.115583,1, ,0.0,0.0,0,0,0,0,0,0,0,0
TF,LALUX,48.286389,2.408889,0, ,0.0,0.0,0.0,0.0,0,0,0,0,0,0,0,0
TF,LATRA,48.083333,2.516667,0, ,0.0,0.0,0.0,0.0,0,0,0,0,0,0,0,0

SID,LATR2F,25,5
CA,0,248.0,2,620,0,0,0,0,0,0
CF,PB253,48.917833,2.262056,0,CGN,237.0,11.2,246.0,6.0,0,0,0,0,0,0,0,1
DF,PB256,48.910861,2.121472,0, ,0.0,0.0,0,0,0,0,0,0,0,1
DF,DEROL,48.677611,2.115583,1, ,0.0,0.0,0,0,0,0,0,0,0,0
TF,LALUX,48.286389,2.408889,0, ,0.0,0.0,0.0,0.0,0,0,0,0,0,0,0,0
TF,LATRA,48.083333,2.516667,0, ,0.0,0.0,0.0,0.0,0,0,0,0,0,0,0,0

SID,LATR2J,09,5
CF,PB090,48.969111,2.520389,0,BT,97.4,2.6,85.0,3.0,0,0,0,0,0,0,0,1
TF,PB093,48.951222,2.782028,0, ,0.0,0.0,0.0,0.0,0,0,0,0,0,0,0,1
DF,PB094,48.942139,2.905306,0, ,0.0,0.0,0,0,0,0,0,0,0,1
DF,PG102,48.720722,2.590194,2, ,0.0,0.0,0,0,0,0,0,0,0,0
TF,LAPAX,48.498528,2.392417,0, ,0.0,0.0,0.0,0.0,0,0,0,0,0,0,0,0
TF,LALUX,48.286389,2.408889,0, ,0.0,0.0,0.0,0.0,0,0,0,0,0,0,0,0
TF,LATRA,48.083333,2.516667,0, ,0.0,0.0,0.0,0.0,0,0,0,0,0,0,0,0

SID,LATR2M,09,5
CF,PB090,48.969111,2.520389,0,BT,97.4,2.6,85.0,3.0,0,0,0,0,0,0,0,1
TF,PB093,48.951222,2.782028,0, ,0.0,0.0,0.0,0.0,0,0,0,0,0,0,0,1
DF,PB094,48.942139,2.905306,0, ,0.0,0.0,0,0,0,0,0,0,0,1
DF,PG102,48.720722,2.590194,2, ,0.0,0.0,0,0,0,0,0,0,0,0
TF,LAPAX,48.498528,2.392417,0, ,0.0,0.0,0.0,0.0,0,0,0,0,0,0,0,0
TF,LALUX,48.286389,2.408889,0, ,0.0,0.0,0.0,0.0,0,0,0,0,0,0,0,0
TF,LATRA,48.083333,2.516667,0, ,0.0,0.0,0.0,0.0,0,0,0,0,0,0,0,0

SID,LATR2P,21,5
CD, ,0,0,0,BT,0,0.0,205.0,3.4,0,0,0,0,0,0,0,0
CF,PB253,48.917833,2.262056,0,BT,246.0,8.4,266.0,6.0,0,0,0,1,185,0,0,1
DF,PB256,48.910861,2.121472,0, ,0.0,0.0,0,0,0,0,0,0,0,1
DF,DEROL,48.677611,2.115583,1, ,0.0,0.0,0,0,0,0,0,0,0,0
TF,LALUX,48.286389,2.408889,0, ,0.0,0.0,0.0,0.0,0,0,0,0,0,0,0,0
TF,LATRA,48.083333,2.516667,0, ,0.0,0.0,0.0,0.0,0,0,0,0,0,0,0,0

SID,LATR2Q,07,4
CA,0,68.0,2,620,0,0,0,0,0,0
CF,PB093,48.951222,2.782028,0,BT,96.1,13.0,96.0,12.0,0,0,0,0,0,0,0,1

SID,LATR2Q,21,4
CD, ,0,0,0,BT,0,0.0,205.0,3.4,0,0,0,0,0,0,0,0
CI,1, ,0.0,66.0,0,0,0,1,185,0,0,0
CF,PB093,48.951222,2.782028,0,CGN,110.2,11.9,96.0,4.0,0,0,0,0,0,0,0,1

SID,LATR2Q,ALL,5
IF,PB093,48.951222,2.782028, ,0.0,0.0,0,0,0,0,0,0,0,0
DF,PB094,48.942139,2.905306,0, ,0.0,0.0,0,0,0,0,0,0,0,1
DF,PG102,48.720722,2.590194,2, ,0.0,0.0,0,0,0,0,0,0,0,0
TF,LAPAX,48.498528,2.392417,0, ,0.0,0.0,0.0,0.0,0,0,0,0,0,0,0,0
TF,LALUX,48.286389,2.408889,0, ,0.0,0.0,0.0,0.0,0,0,0,0,0,0,0,0
TF,LATRA,48.083333,2.516667,0, ,0.0,0.0,0.0,0.0,0,0,0,0,0,0,0,0

SID,LGL2C,25,5
CA,0,248.0,2,620,0,0,0,0,0,0
CF,PB253,48.917833,2.262056,0,BT,246.0,8.4,246.0,7.0,0,0,0,0,0,0,0,1
DF,PG286,48.958306,1.892583,0, ,0.0,0.0,0,0,0,0,0,0,0,0
TF,LESGA,48.888306,0.804944,0, ,0.0,0.0,0.0,0.0,0,0,0,0,0,0,0,0
TF,LGL,48.790611,0.530278,0, ,0.0,0.0,0.0,0.0,0,0,0,0,0,0,0,0

SID,LGL2F,25,5
CA,0,248.0,2,620,0,0,0,0,0,0
CF,PB253,48.917833,2.262056,0,BT,246.0,8.4,246.0,7.0,0,0,0,0,0,0,0,1
DF,PG286,48.958306,1.892583,0, ,0.0,0.0,0,0,0,0,0,0,0,0
TF,LESGA,48.888306,0.804944,0, ,0.0,0.0,0.0,0.0,0,0,0,0,0,0,0,0
TF,LGL,48.790611,0.530278,0, ,0.0,0.0,0.0,0.0,0,0,0,0,0,0,0,0

SID,LGL2J,09,5
CF,PB090,48.969111,2.520389,0,BT,97.4,2.6,85.0,3.0,0,0,0,0,0,0,0,1
TF,PB093,48.951222,2.782028,0, ,0.0,0.0,0.0,0.0,0,0,0,0,0,0,0,1
DF,KELUD,48.801056,2.394472,2, ,0.0,0.0,0,0,0,0,0,0,0,0
TF,LGL,48.790611,0.530278,0, ,0.0,0.0,0.0,0.0,0,0,0,0,0,0,0,0

SID,LGL2M,09,5
CF,PB090,48.969111,2.520389,0,BT,97.4,2.6,85.0,3.0,0,0,0,0,0,0,0,1
TF,PB093,48.951222,2.782028,0, ,0.0,0.0,0.0,0.0,0,0,0,0,0,0,0,1
DF,KELUD,48.801056,2.394472,2, ,0.0,0.0,0,0,0,0,0,0,0,0
TF,LGL,48.790611,0.530278,0, ,0.0,0.0,0.0,0.0,0,0,0,0,0,0,0,0

SID,LGL2P,21,5
CD, ,0,0,0,BT,0,0.0,205.0,3.4,0,0,0,0,0,0,0,0
CF,PB253,48.917833,2.262056,0,BT,246.0,8.4,266.0,6.0,0,0,0,1,185,0,0,1
DF,PG286,48.958306,1.892583,0, ,0.0,0.0,0,0,0,0,0,0,0,0
TF,LESGA,48.888306,0.804944,0, ,0.0,0.0,0.0,0.0,0,0,0,0,0,0,0,0
TF,LGL,48.790611,0.530278,0, ,0.0,0.0,0.0,0.0,0,0,0,0,0,0,0,0

SID,LGL2Q,07,4
CA,0,68.0,2,620,0,0,0,0,0,0
CF,PB093,48.951222,2.782028,0,BT,96.1,13.0,96.0,12.0,0,0,0,0,0,0,0,1
DF,KELUD,48.801056,2.394472,2, ,0.0,0.0,0,0,0,0,0,0,0,0

SID,LGL2Q,21,4
CD, ,0,0,0,BT,0,0.0,205.0,3.4,0,0,0,0,0,0,0,0
CI,1, ,0.0,66.0,0,0,0,1,185,0,0,0
CF,PB093,48.951222,2.782028,0,CGN,110.2,11.9,96.0,4.0,0,0,0,0,0,0,0,1
DF,KELUD,48.801056,2.394472,2, ,0.0,0.0,0,0,0,0,0,0,0,0

SID,LGL2Q,ALL,5
IF,KELUD,48.801056,2.394472, ,0.0,0.0,0,0,0,0,0,0,0,0
TF,LGL,48.790611,0.530278,0, ,0.0,0.0,0.0,0.0,0,0,0,0,0,0,0,0

SID,MONO2C,21,1
CF,D211C,48.926231,2.410853,0,CGN,212.1,6.6,205.0,3.0,0,0,0,0,0,0,0,1
CF,PB253,48.917833,2.262056,0,CGN,237.0,11.2,266.0,6.0,0,0,0,1,185,0,0,0
FD,PB253,48.917833,2.262056,0,BT,246.0,12.0,246.0,12.0,0,0,0,0,0,0,0,0
CF,POY,48.730139,2.389778,1,CGN,194.1,17.9,124.0,11.0,0,0,0,0,0,0,0,0

SID,MONO2C,25,1
CA,0,248.0,2,620,0,0,0,0,0,0
CF,PB253,48.917833,2.262056,0,CGN,237.0,11.2,246.0,7.0,0,0,0,0,0,0,0,0
FD,PB253,48.917833,2.262056,0,BT,246.0,12.0,246.0,12.0,0,0,0,0,0,0,0,0
CF,POY,48.730139,2.389778,1,CGN,194.1,17.9,124.0,11.0,0,0,0,0,0,0,0,0

SID,MONO2C,ALL,2
IF,POY,48.730139,2.389778, ,0.0,0.0,0,0,0,0,0,0,0,0
TF,D188V,48.372475,2.311628,0, ,0.0,0.0,0.0,0.0,0,0,0,0,0,0,0,1
CF,MONOT,48.083333,2.457222,0,BT,179.9,53.5,160.0,17.0,0,0,0,0,0,0,0,0

SID,MONO2F,21,1
CF,D211C,48.926231,2.410853,0,CGN,212.1,6.6,205.0,3.0,0,0,0,0,0,0,0,1
CF,PB253,48.917833,2.262056,0,CGN,237.0,11.2,266.0,6.0,0,0,0,1,185,0,0,0
FD,PB253,48.917833,2.262056,0,BT,246.0,12.0,246.0,12.0,0,0,0,0,0,0,0,0
CF,POY,48.730139,2.389778,1,CGN,194.1,17.9,124.0,11.0,0,0,0,0,0,0,0,0

SID,MONO2F,25,1
CA,0,248.0,2,620,0,0,0,0,0,0
CF,PB253,48.917833,2.262056,0,CGN,237.0,11.2,246.0,7.0,0,0,0,0,0,0,0,0
FD,PB253,48.917833,2.262056,0,BT,246.0,12.0,246.0,12.0,0,0,0,0,0,0,0,0
CF,POY,48.730139,2.389778,1,CGN,194.1,17.9,124.0,11.0,0,0,0,0,0,0,0,0

SID,MONO2F,ALL,2
IF,POY,48.730139,2.389778, ,0.0,0.0,0,0,0,0,0,0,0,0
TF,MONOT,48.083333,2.457222,0, ,0.0,0.0,0.0,0.0,0,0,0,0,0,0,0,0

SID,MONO2J,07,1
CA,0,68.0,2,620,0,0,0,0,0,0
CF,PB093,48.951222,2.782028,0,BT,96.1,13.0,96.0,12.0,0,0,0,0,0,0,0,1

SID,MONO2J,09,1
CD, ,0,0,0,BT,0,0.0,85.0,2.6,0,0,0,0,0,0,0,0
CF,PB093,48.951222,2.782028,0,BT,96.1,13.0,96.0,10.0,0,0,0,0,0,0,0,1

SID,MONO2J,21,1
CF,D211C,48.926231,2.410853,0,CGN,212.1,6.6,205.0,3.0,0,0,0,0,0,0,0,1
CI,1, ,0.0,66.0,0,0,0,1,185,0,0,0
CF,PB093,48.951222,2.782028,0,CGN,110.2,11.9,96.0,4.0,0,0,0,0,0,0,0,1

SID,MONO2J,ALL,2
IF,PB093,48.951222,2.782028, ,0.0,0.0,0,0,0,0,0,0,0,0
CF,MLN17,48.740394,2.828303,0,MLN,2.0,17.1,182.0,13.0,0,0,0,0,0,0,0,1
CF,CL32A,48.476475,2.442661,0,MLN,274.9,14.9,226.0,22.0,0,0,0,0,0,0,0,1
CF,MONOT,48.083333,2.457222,0,MLN,212.7,26.5,176.0,24.0,0,0,0,0,0,0,0,0

SID,MONO2M,07,1
CA,0,68.0,2,620,0,0,0,0,0,0
CF,PB093,48.951222,2.782028,0,BT,96.1,13.0,96.0,12.0,0,0,0,0,0,0,0,1
CF,D074O,48.820197,2.456306,2,RBT,61.3,20.9,254.0,15.0,0,0,0,0,0,0,0,1
DF,POY,48.730139,2.389778,0, ,0.0,0.0,0,0,0,0,0,0,0,0

SID,MONO2M,09,1
CD, ,0,0,0,BT,0,0.0,85.0,2.6,0,0,0,0,0,0,0,0
CF,PB093,48.951222,2.782028,0,BT,96.1,13.0,96.0,10.0,0,0,0,0,0,0,0,1
CF,D074O,48.820197,2.456306,2,RBT,61.3,20.9,254.0,15.0,0,0,0,0,0,0,0,1
DF,POY,48.730139,2.389778,0, ,0.0,0.0,0,0,0,0,0,0,0,0

SID,MONO2M,21,1
CF,D211C,48.926231,2.410853,0,CGN,212.1,6.6,205.0,3.0,0,0,0,0,0,0,0,1
CI,1, ,0.0,66.0,0,0,0,1,185,0,0,0
CF,PB093,48.951222,2.782028,0,CGN,110.2,11.9,96.0,4.0,0,0,0,0,0,0,0,1
CF,D074O,48.820197,2.456306,2,RBT,61.3,20.6,254.0,15.0,0,0,0,0,0,0,0,1
DF,POY,48.730139,2.389778,0, ,0.0,0.0,0,0,0,0,0,0,0,0

SID,MONO2M,ALL,2
IF,POY,48.730139,2.389778, ,0.0,0.0,0,0,0,0,0,0,0,0
TF,D188V,48.372475,2.311628,0, ,0.0,0.0,0.0,0.0,0,0,0,0,0,0,0,1
CF,MONOT,48.083333,2.457222,0,BT,179.9,53.5,160.0,17.0,0,0,0,0,0,0,0,0

SID,NURM2C,25,5
CA,0,248.0,2,620,0,0,0,0,0,0
CF,PB250,48.937333,2.328139,0,BT,246.0,5.5,246.0,3.0,0,0,0,0,0,0,0,1
CF,PB254,48.983333,2.202472,0,CGN,259.5,12.0,316.0,5.0,0,0,0,0,0,0,0,1
DF,NURMO,49.826111,2.755278,0, ,0.0,0.0,0,0,0,0,0,0,0,0

SID,NURM2F,25,5
CA,0,248.0,2,620,0,0,0,0,0,0
CF,PB250,48.937333,2.328139,0,BT,246.0,5.5,246.0,3.0,0,0,0,0,0,0,0,1
CF,PB254,48.983333,2.202472,0,CGN,259.5,12.0,316.0,5.0,0,0,0,0,0,0,0,1
DF,NURMO,49.826111,2.755278,0, ,0.0,0.0,0,0,0,0,0,0,0,0

SID,NURM2J,09,5
CF,PB090,48.969111,2.520389,0,BT,97.4,2.6,85.0,3.0,0,0,0,0,0,0,0,1
TF,PB093,48.951222,2.782028,0, ,0.0,0.0,0.0,0.0,0,0,0,0,0,0,0,1
DF,PB094,48.942139,2.905306,0, ,0.0,0.0,0,0,0,0,0,0,0,1
DF,PB096,49.137000,2.937806,1, ,0.0,0.0,0,0,0,0,0,0,0,0
TF,NURMO,49.826111,2.755278,0, ,0.0,0.0,0.0,0.0,0,0,0,0,0,0,0,0

SID,NURM2M,09,5
CF,PB090,48.969111,2.520389,0,BT,97.4,2.6,85.0,3.0,0,0,0,0,0,0,0,1
TF,PB093,48.951222,2.782028,0, ,0.0,0.0,0.0,0.0,0,0,0,0,0,0,0,1
DF,PB094,48.942139,2.905306,0, ,0.0,0.0,0,0,0,0,0,0,0,1
DF,PB096,49.137000,2.937806,1, ,0.0,0.0,0,0,0,0,0,0,0,0
TF,NURMO,49.826111,2.755278,0, ,0.0,0.0,0.0,0.0,0,0,0,0,0,0,0,0

SID,NURM2P,21,5
CD, ,0,0,0,BT,0,0.0,205.0,3.4,0,0,0,0,0,0,0,0
CI,0, ,0.0,285.0,0,0,0,1,185,0,0,0
CF,PB254,48.983333,2.202472,0,CGN,259.5,12.0,316.0,6.0,0,0,0,0,0,0,0,1
DF,NURMO,49.826111,2.755278,0, ,0.0,0.0,0,0,0,0,0,0,0,0

SID,NURM2Q,07,4
CA,0,68.0,2,620,0,0,0,0,0,0
CF,PB093,48.951222,2.782028,0,BT,96.1,13.0,96.0,12.0,0,0,0,0,0,0,0,1

SID,NURM2Q,21,4
CD, ,0,0,0,BT,0,0.0,205.0,3.4,0,0,0,0,0,0,0,0
CI,1, ,0.0,66.0,0,0,0,1,185,0,0,0
CF,PB093,48.951222,2.782028,0,CGN,110.2,11.9,96.0,4.0,0,0,0,0,0,0,0,1

SID,NURM2Q,ALL,5
IF,PB093,48.951222,2.782028, ,0.0,0.0,0,0,0,0,0,0,0,0
DF,PB094,48.942139,2.905306,0, ,0.0,0.0,0,0,0,0,0,0,0,1
DF,PB096,49.137000,2.937806,1, ,0.0,0.0,0,0,0,0,0,0,0,0
TF,NURMO,49.826111,2.755278,0, ,0.0,0.0,0.0,0.0,0,0,0,0,0,0,0,0

SID,OB2C,21,1
CF,D211C,48.926231,2.410853,0,CGN,212.1,6.6,205.0,3.0,0,0,0,0,0,0,0,1
CI,0, ,0.0,285.0,0,0,0,1,185,0,0,0
CF,BVS,49.436361,2.153194,0,CGN,331.5,28.5,353.0,32.0,0,0,0,0,0,0,0,0

SID,OB2C,25,1
CA,0,248.0,2,620,0,0,0,0,0,0
CF,D246F,48.931219,2.307386,0,BT,246.0,6.4,246.0,4.0,0,0,0,0,0,0,0,1
CF,BVS,49.436361,2.153194,2,CGN,331.5,28.5,353.0,29.0,0,0,0,0,0,0,0,0

SID,OB2F,21,1
CF,D211C,48.926231,2.410853,0,CGN,212.1,6.6,205.0,3.0,0,0,0,0,0,0,0,1
CI,0, ,0.0,285.0,0,0,0,1,185,0,0,0
CF,BVS,49.436361,2.153194,0,CGN,331.5,28.5,353.0,32.0,0,0,0,0,0,0,0,0

SID,OB2F,25,1
CA,0,248.0,2,620,0,0,0,0,0,0
CF,D246F,48.931219,2.307386,0,BT,246.0,6.4,246.0,4.0,0,0,0,0,0,0,0,1
CF,BVS,49.436361,2.153194,2,CGN,332.5,28.5,353.0,29.0,0,0,0,0,0,0,0,0

SID,OB2J,07,1
CA,0,68.0,2,620,0,0,0,0,0,0
CF,D096S,48.940417,2.935381,0,BT,96.0,19.1,96.0,18.0,0,0,0,0,0,0,0,0

SID,OB2J,09,1
CD, ,0,0,0,BT,0,0.0,85.0,2.6,0,0,0,0,0,0,0,0
CF,D096S,48.940417,2.935381,0,BT,96.0,19.1,96.0,16.0,0,0,0,0,0,0,0,0

SID,OB2J,21,1
CF,D211C,48.926231,2.410853,0,CGN,212.1,6.6,205.0,3.0,0,0,0,0,0,0,0,1
CI,1, ,0.0,66.0,0,0,0,1,185,0,0,0
CF,D096S,48.940417,2.935381,0,BT,96.0,19.1,96.0,9.0,0,0,0,0,0,0,0,0

SID,OB2J,ALL,2
IF,D096S,48.940417,2.935381, ,0.0,0.0,0,0,0,0,0,0,0,0
CF,D351Q,49.116017,2.948378,0,CLM,351.0,16.5,351.0,10.0,0,0,0,0,0,0,0,1
CF,CRL,49.255278,2.514778,0,BT,7.9,17.0,293.0,17.0,0,0,0,0,0,0,0,0
TF,BVS,49.436361,2.153194,0, ,0.0,0.0,0.0,0.0,0,0,0,0,0,0,0,0

SID,OB2M,07,1
CA,0,68.0,2,620,0,0,0,0,0,0
CF,D096S,48.940417,2.935381,0,BT,96.0,19.1,96.0,18.0,0,0,0,0,0,0,0,0

SID,OB2M,09,1
CD, ,0,0,0,BT,0,0.0,85.0,2.6,0,0,0,0,0,0,0,0
CF,D096S,48.940417,2.935381,0,BT,96.0,19.1,96.0,16.0,0,0,0,0,0,0,0,0

SID,OB2M,21,1
CF,D211C,48.926231,2.410853,0,CGN,212.1,6.6,205.0,3.0,0,0,0,0,0,0,0,1
CI,1, ,0.0,66.0,0,0,0,1,185,0,0,0
CF,D096S,48.940417,2.935381,0,BT,96.0,19.1,96.0,9.0,0,0,0,0,0,0,0,0

SID,OB2M,ALL,2
IF,D096S,48.940417,2.935381, ,0.0,0.0,0,0,0,0,0,0,0,0
CF,D351Q,49.116017,2.948378,0,CLM,351.0,16.5,351.0,10.0,0,0,0,0,0,0,0,1
CF,CRL,49.255278,2.514778,0,BT,7.9,17.0,293.0,17.0,0,0,0,0,0,0,0,0
TF,BVS,49.436361,2.153194,0, ,0.0,0.0,0.0,0.0,0,0,0,0,0,0,0,0

SID,OKAS2C,25,5
CA,0,248.0,2,620,0,0,0,0,0,0
CF,PB253,48.917833,2.262056,0,CGN,237.0,11.2,246.0,6.0,0,0,0,0,0,0,0,1
DF,PB256,48.910861,2.121472,0, ,0.0,0.0,0,0,0,0,0,0,0,1
DF,DOPAP,48.702167,2.242972,1, ,0.0,0.0,0,0,0,0,0,0,0,0
TF,ODEBU,48.281111,2.626111,0, ,0.0,0.0,0.0,0.0,0,0,0,0,0,0,0,0
TF,OKASI,48.083333,2.777778,0, ,0.0,0.0,0.0,0.0,0,0,0,0,0,0,0,0

SID,OKAS2F,25,5
CA,0,248.0,2,620,0,0,0,0,0,0
CF,PB253,48.917833,2.262056,0,CGN,237.0,11.2,246.0,6.0,0,0,0,0,0,0,0,1
DF,PB256,48.910861,2.121472,0, ,0.0,0.0,0,0,0,0,0,0,0,1
DF,DOPAP,48.702167,2.242972,1, ,0.0,0.0,0,0,0,0,0,0,0,0
TF,ODEBU,48.281111,2.626111,0, ,0.0,0.0,0.0,0.0,0,0,0,0,0,0,0,0
TF,OKASI,48.083333,2.777778,0, ,0.0,0.0,0.0,0.0,0,0,0,0,0,0,0,0

SID,OKAS2J,09,5
CF,PB090,48.969111,2.520389,0,BT,97.4,2.6,85.0,3.0,0,0,0,0,0,0,0,1
TF,PB093,48.951222,2.782028,0, ,0.0,0.0,0.0,0.0,0,0,0,0,0,0,0,1
DF,PB094,48.942139,2.905306,0, ,0.0,0.0,0,0,0,0,0,0,0,1
DF,OSTIP,48.489500,2.610972,2, ,0.0,0.0,0,0,0,0,0,0,0,0
TF,ODEBU,48.281111,2.626111,0, ,0.0,0.0,0.0,0.0,0,0,0,0,0,0,0,0
TF,OKASI,48.083333,2.777778,0, ,0.0,0.0,0.0,0.0,0,0,0,0,0,0,0,0

SID,OKAS2M,09,5
CF,PB090,48.969111,2.520389,0,BT,97.4,2.6,85.0,3.0,0,0,0,0,0,0,0,1
TF,PB093,48.951222,2.782028,0, ,0.0,0.0,0.0,0.0,0,0,0,0,0,0,0,1
DF,PB094,48.942139,2.905306,0, ,0.0,0.0,0,0,0,0,0,0,0,1
DF,OSTIP,48.489500,2.610972,2, ,0.0,0.0,0,0,0,0,0,0,0,0
TF,ODEBU,48.281111,2.626111,0, ,0.0,0.0,0.0,0.0,0,0,0,0,0,0,0,0
TF,OKASI,48.083333,2.777778,0, ,0.0,0.0,0.0,0.0,0,0,0,0,0,0,0,0

SID,OKAS2P,21,5
CD, ,0,0,0,BT,0,0.0,205.0,3.4,0,0,0,0,0,0,0,0
CF,PB253,48.917833,2.262056,0,BT,246.0,8.4,266.0,6.0,0,0,0,1,185,0,0,1
DF,PB256,48.910861,2.121472,0, ,0.0,0.0,0,0,0,0,0,0,0,1
DF,DOPAP,48.702167,2.242972,1, ,0.0,0.0,0,0,0,0,0,0,0,0
TF,ODEBU,48.281111,2.626111,0, ,0.0,0.0,0.0,0.0,0,0,0,0,0,0,0,0
TF,OKASI,48.083333,2.777778,0, ,0.0,0.0,0.0,0.0,0,0,0,0,0,0,0,0

SID,OKAS2Q,07,4
CA,0,68.0,2,620,0,0,0,0,0,0
CF,PB093,48.951222,2.782028,0,BT,96.1,13.0,96.0,12.0,0,0,0,0,0,0,0,1

SID,OKAS2Q,21,4
CD, ,0,0,0,BT,0,0.0,205.0,3.4,0,0,0,0,0,0,0,0
CI,1, ,0.0,66.0,0,0,0,1,185,0,0,0
CF,PB093,48.951222,2.782028,0,CGN,110.2,11.9,96.0,4.0,0,0,0,0,0,0,0,1

SID,OKAS2Q,ALL,5
IF,PB093,48.951222,2.782028, ,0.0,0.0,0,0,0,0,0,0,0,0
DF,PB094,48.942139,2.905306,0, ,0.0,0.0,0,0,0,0,0,0,0,1
DF,OSTIP,48.489500,2.610972,2, ,0.0,0.0,0,0,0,0,0,0,0,0
TF,ODEBU,48.281111,2.626111,0, ,0.0,0.0,0.0,0.0,0,0,0,0,0,0,0,0
TF,OKASI,48.083333,2.777778,0, ,0.0,0.0,0.0,0.0,0,0,0,0,0,0,0,0

SID,OPAL2C,25,5
CA,0,248.0,2,620,0,0,0,0,0,0
CF,PB250,48.937333,2.328139,0,BT,246.0,5.5,246.0,3.0,0,0,0,0,0,0,0,1
CF,PB254,48.983333,2.202472,0,CGN,259.5,12.0,316.0,5.0,0,0,0,0,0,0,0,1
DF,BVS,49.436361,2.153194,0, ,0.0,0.0,0,0,0,0,0,0,0,0
TF,OPALE,49.899750,1.885083,0, ,0.0,0.0,0.0,0.0,0,0,0,0,0,0,0,0

SID,OPAL2F,25,5
CA,0,248.0,2,620,0,0,0,0,0,0
CF,PB250,48.937333,2.328139,0,BT,246.0,5.5,246.0,3.0,0,0,0,0,0,0,0,1
CF,PB254,48.983333,2.202472,0,CGN,259.5,12.0,316.0,5.0,0,0,0,0,0,0,0,1
DF,BVS,49.436361,2.153194,0, ,0.0,0.0,0,0,0,0,0,0,0,0
TF,OPALE,49.899750,1.885083,0, ,0.0,0.0,0.0,0.0,0,0,0,0,0,0,0,0

SID,OPAL2J,09,5
CF,PB090,48.969111,2.520389,0,BT,97.4,2.6,85.0,3.0,0,0,0,0,0,0,0,1
TF,PB093,48.951222,2.782028,0, ,0.0,0.0,0.0,0.0,0,0,0,0,0,0,0,1
DF,PB094,48.942139,2.905306,0, ,0.0,0.0,0,0,0,0,0,0,0,1
DF,PB096,49.137000,2.937806,1, ,0.0,0.0,0,0,0,0,0,0,0,0
TF,OPALE,49.899750,1.885083,0, ,0.0,0.0,0.0,0.0,0,0,0,0,0,0,0,0

SID,OPAL2M,09,5
CF,PB090,48.969111,2.520389,0,BT,97.4,2.6,85.0,3.0,0,0,0,0,0,0,0,1
TF,PB093,48.951222,2.782028,0, ,0.0,0.0,0.0,0.0,0,0,0,0,0,0,0,1
DF,PB094,48.942139,2.905306,0, ,0.0,0.0,0,0,0,0,0,0,0,1
DF,PB096,49.137000,2.937806,1, ,0.0,0.0,0,0,0,0,0,0,0,0
TF,OPALE,49.899750,1.885083,0, ,0.0,0.0,0.0,0.0,0,0,0,0,0,0,0,0

SID,OPAL2P,21,5
CD, ,0,0,0,BT,0,0.0,205.0,3.4,0,0,0,0,0,0,0,0
CI,0, ,0.0,285.0,0,0,0,1,185,0,0,0
CF,PB254,48.983333,2.202472,0,CGN,259.5,12.0,316.0,6.0,0,0,0,0,0,0,0,1
DF,BVS,49.436361,2.153194,0, ,0.0,0.0,0,0,0,0,0,0,0,0
TF,OPALE,49.899750,1.885083,0, ,0.0,0.0,0.0,0.0,0,0,0,0,0,0,0,0

SID,OPAL2Q,07,4
CA,0,68.0,2,620,0,0,0,0,0,0
CF,PB093,48.951222,2.782028,0,BT,96.1,13.0,96.0,12.0,0,0,0,0,0,0,0,1

SID,OPAL2Q,21,4
CD, ,0,0,0,BT,0,0.0,205.0,3.4,0,0,0,0,0,0,0,0
CI,1, ,0.0,66.0,0,0,0,1,185,0,0,0
CF,PB093,48.951222,2.782028,0,CGN,110.2,11.9,96.0,4.0,0,0,0,0,0,0,0,1

SID,OPAL2Q,ALL,5
IF,PB093,48.951222,2.782028, ,0.0,0.0,0,0,0,0,0,0,0,0
DF,PB094,48.942139,2.905306,0, ,0.0,0.0,0,0,0,0,0,0,0,1
DF,PB096,49.137000,2.937806,1, ,0.0,0.0,0,0,0,0,0,0,0,0
TF,OPALE,49.899750,1.885083,0, ,0.0,0.0,0.0,0.0,0,0,0,0,0,0,0,0

SID,PC2C,21,1
CF,D211C,48.926231,2.410853,0,CGN,212.1,6.6,205.0,3.0,0,0,0,0,0,0,0,1
CI,0, ,0.0,285.0,0,0,0,1,185,0,0,0
CF,D326R,49.227931,2.192269,0,BT,325.8,18.4,353.0,19.0,0,0,0,0,0,0,0,1
CF,CRL,49.255278,2.514778,2,BT,7.9,17.0,91.0,11.0,0,0,0,0,0,0,0,0

SID,PC2C,25,1
CA,0,248.0,2,620,0,0,0,0,0,0
CF,D246F,48.931219,2.307386,0,BT,246.0,6.4,246.0,4.0,0,0,0,0,0,0,0,1
CF,D326R,49.227931,2.192269,2,BT,325.8,18.4,353.0,17.0,0,0,0,0,0,0,0,1
CF,CRL,49.255278,2.514778,2,BT,7.9,17.0,91.0,11.0,0,0,0,0,0,0,0,0

SID,PC2F,21,1
CF,D211C,48.926231,2.410853,0,CGN,212.1,6.6,205.0,3.0,0,0,0,0,0,0,0,1
CI,0, ,0.0,285.0,0,0,0,1,185,0,0,0
CF,D326R,49.227931,2.192269,0,BT,325.8,18.4,353.0,19.0,0,0,0,0,0,0,0,1
CF,CRL,49.255278,2.514778,2,BT,7.9,17.0,91.0,11.0,0,0,0,0,0,0,0,0

SID,PC2F,25,1
CA,0,248.0,2,620,0,0,0,0,0,0
CF,D246F,48.931219,2.307386,0,BT,246.0,6.4,246.0,4.0,0,0,0,0,0,0,0,1
CF,D326R,49.227931,2.192269,2,BT,325.8,18.4,353.0,17.0,0,0,0,0,0,0,0,1
CF,CRL,49.255278,2.514778,2,BT,7.9,17.0,91.0,11.0,0,0,0,0,0,0,0,0

SID,PC2J,07,1
CA,0,68.0,2,620,0,0,0,0,0,0
CF,D096S,48.940417,2.935381,0,BT,96.0,19.1,96.0,18.0,0,0,0,0,0,0,0,0

SID,PC2J,09,1
CD, ,0,0,0,BT,0,0.0,85.0,2.6,0,0,0,0,0,0,0,0
CF,D096S,48.940417,2.935381,0,BT,96.0,19.1,96.0,16.0,0,0,0,0,0,0,0,0

SID,PC2J,21,1
CD, ,0,0,0,BT,0,0.0,205.0,3.4,0,0,0,0,0,0,0,0
CI,1, ,0.0,66.0,0,0,0,1,185,0,0,0
CF,D096S,48.940417,2.935381,0,BT,96.0,19.1,96.0,9.0,0,0,0,0,0,0,0,0

SID,PC2J,ALL,2
IF,D096S,48.940417,2.935381, ,0.0,0.0,0,0,0,0,0,0,0,0
CF,D351Q,49.116017,2.948378,0,CLM,351.0,16.5,351.0,10.0,0,0,0,0,0,0,0,1
CF,CRL,49.255278,2.514778,0,BT,7.9,17.0,293.0,17.0,0,0,0,0,0,0,0,0

SID,PC2M,07,1
CA,0,68.0,2,620,0,0,0,0,0,0
CF,D096S,48.940417,2.935381,0,BT,96.0,19.1,96.0,18.0,0,0,0,0,0,0,0,0

SID,PC2M,09,1
CD, ,0,0,0,BT,0,0.0,85.0,2.6,0,0,0,0,0,0,0,0
CF,D096S,48.940417,2.935381,0,BT,96.0,19.1,96.0,16.0,0,0,0,0,0,0,0,0

SID,PC2M,21,1
CF,D211C,48.926231,2.410853,0,CGN,212.1,6.6,205.0,3.0,0,0,0,0,0,0,0,1
CI,1, ,0.0,66.0,0,0,0,1,185,0,0,0
CF,D096S,48.940417,2.935381,0,BT,96.0,19.1,96.0,9.0,0,0,0,0,0,0,0,0

SID,PC2M,ALL,2
IF,D096S,48.940417,2.935381, ,0.0,0.0,0,0,0,0,0,0,0,0
CF,D351Q,49.116017,2.948378,0,CLM,351.0,16.5,351.0,10.0,0,0,0,0,0,0,0,1
CF,CRL,49.255278,2.514778,0,BT,7.9,17.0,293.0,17.0,0,0,0,0,0,0,0,0

SID,PILU2C,25,5
CA,0,248.0,2,620,0,0,0,0,0,0
CF,PB253,48.917833,2.262056,0,CGN,237.0,11.2,246.0,6.0,0,0,0,0,0,0,0,1
DF,PB256,48.910861,2.121472,0, ,0.0,0.0,0,0,0,0,0,0,0,1
DF,POY,48.730139,2.389778,1, ,0.0,0.0,0,0,0,0,0,0,0,0
TF,PEKIM,48.275833,2.825556,0, ,0.0,0.0,0.0,0.0,0,0,0,0,0,0,0,0
TF,PILUL,48.083333,3.048056,0, ,0.0,0.0,0.0,0.0,0,0,0,0,0,0,0,0

SID,PILU2F,25,5
CA,0,248.0,2,620,0,0,0,0,0,0
CF,PB253,48.917833,2.262056,0,CGN,237.0,11.2,246.0,6.0,0,0,0,0,0,0,0,1
DF,PB256,48.910861,2.121472,0, ,0.0,0.0,0,0,0,0,0,0,0,1
DF,POY,48.730139,2.389778,1, ,0.0,0.0,0,0,0,0,0,0,0,0
TF,PEKIM,48.275833,2.825556,0, ,0.0,0.0,0.0,0.0,0,0,0,0,0,0,0,0
TF,PILUL,48.083333,3.048056,0, ,0.0,0.0,0.0,0.0,0,0,0,0,0,0,0,0

SID,PILU2J,09,5
CF,PB090,48.969111,2.520389,0,BT,97.4,2.6,85.0,3.0,0,0,0,0,0,0,0,1
TF,PB093,48.951222,2.782028,0, ,0.0,0.0,0.0,0.0,0,0,0,0,0,0,0,1
DF,PB095,48.934333,3.009944,0, ,0.0,0.0,0,0,0,0,0,0,0,0
TF,CLM,48.844639,3.013861,0, ,0.0,0.0,0.0,0.0,0,0,0,0,0,0,0,0
TF,MLN,48.455778,2.813278,0, ,0.0,0.0,0.0,0.0,0,0,0,0,0,0,0,0
TF,PEKIM,48.275833,2.825556,0, ,0.0,0.0,0.0,0.0,0,0,0,0,0,0,0,0
TF,PILUL,48.083333,3.048056,0, ,0.0,0.0,0.0,0.0,0,0,0,0,0,0,0,0

SID,PILU2M,09,5
CF,PB090,48.969111,2.520389,0,BT,97.4,2.6,85.0,3.0,0,0,0,0,0,0,0,1
TF,PB093,48.951222,2.782028,0, ,0.0,0.0,0.0,0.0,0,0,0,0,0,0,0,1
DF,PB095,48.934333,3.009944,0, ,0.0,0.0,0,0,0,0,0,0,0,0
TF,CLM,48.844639,3.013861,0, ,0.0,0.0,0.0,0.0,0,0,0,0,0,0,0,0
TF,MLN,48.455778,2.813278,0, ,0.0,0.0,0.0,0.0,0,0,0,0,0,0,0,0
TF,PEKIM,48.275833,2.825556,0, ,0.0,0.0,0.0,0.0,0,0,0,0,0,0,0,0
TF,PILUL,48.083333,3.048056,0, ,0.0,0.0,0.0,0.0,0,0,0,0,0,0,0,0

SID,PILU2P,21,5
CD, ,0,0,0,BT,0,0.0,205.0,3.4,0,0,0,0,0,0,0,0
CF,PB253,48.917833,2.262056,0,BT,246.0,8.4,266.0,6.0,0,0,0,1,185,0,0,1
DF,PB256,48.910861,2.121472,0, ,0.0,0.0,0,0,0,0,0,0,0,1
DF,POY,48.730139,2.389778,1, ,0.0,0.0,0,0,0,0,0,0,0,0
TF,PEKIM,48.275833,2.825556,0, ,0.0,0.0,0.0,0.0,0,0,0,0,0,0,0,0
TF,PILUL,48.083333,3.048056,0, ,0.0,0.0,0.0,0.0,0,0,0,0,0,0,0,0

SID,PILU2Q,07,4
CA,0,68.0,2,620,0,0,0,0,0,0
CF,PB093,48.951222,2.782028,0,BT,96.1,13.0,96.0,12.0,0,0,0,0,0,0,0,1

SID,PILU2Q,21,4
CD, ,0,0,0,BT,0,0.0,205.0,3.4,0,0,0,0,0,0,0,0
CI,1, ,0.0,66.0,0,0,0,1,185,0,0,0
CF,PB093,48.951222,2.782028,0,CGN,110.2,11.9,96.0,4.0,0,0,0,0,0,0,0,1

SID,PILU2Q,ALL,5
IF,PB093,48.951222,2.782028, ,0.0,0.0,0,0,0,0,0,0,0,0
DF,PB095,48.934333,3.009944,0, ,0.0,0.0,0,0,0,0,0,0,0,0
TF,CLM,48.844639,3.013861,0, ,0.0,0.0,0.0,0.0,0,0,0,0,0,0,0,0
TF,MLN,48.455778,2.813278,0, ,0.0,0.0,0.0,0.0,0,0,0,0,0,0,0,0
TF,PEKIM,48.275833,2.825556,0, ,0.0,0.0,0.0,0.0,0,0,0,0,0,0,0,0
TF,PILUL,48.083333,3.048056,0, ,0.0,0.0,0.0,0.0,0,0,0,0,0,0,0,0

SID,PN2C,21,1
CD, ,0,0,0,BT,0,0.0,205.0,3.4,0,0,0,0,0,0,0,0
CF,PB253,48.917833,2.262056,0,BT,246.0,8.4,266.0,6.0,0,0,0,1,185,0,0,0
TF,D246J,48.904653,2.217458,0, ,0.0,0.0,0.0,0.0,0,0,0,0,0,0,0,1
CF,D222M,48.808839,2.229408,0,BT,222.0,13.4,156.0,5.0,0,0,0,0,0,0,0,1
CF,D170H,48.841347,2.490778,0,BT,170.0,8.1,71.0,10.0,0,0,0,0,0,0,0,1
CI,2, ,0.0,282.0,0,0,0,0,0,0,0,0
CF,TSU,48.753722,2.102361,0,BT,226.6,19.3,251.0,10.0,0,0,0,0,0,0,0,0

SID,PN2C,25,1
CA,0,248.0,2,620,0,0,0,0,0,0
CF,D246J,48.904653,2.217458,0,BT,246.0,10.3,246.0,8.0,0,0,0,0,0,0,0,1
CF,D222M,48.808839,2.229408,0,BT,222.0,13.4,156.0,5.0,0,0,0,0,0,0,0,1
CF,D170H,48.841347,2.490778,0,BT,170.0,8.1,71.0,10.0,0,0,0,0,0,0,0,1
CI,2, ,0.0,282.0,0,0,0,0,0,0,0,0
CF,TSU,48.753722,2.102361,0,BT,226.6,19.3,251.0,10.0,0,0,0,0,0,0,0,0

SID,PN2F,21,1
CD, ,0,0,0,BT,0,0.0,205.0,3.4,0,0,0,0,0,0,0,0
CF,PB253,48.917833,2.262056,0,BT,246.0,8.4,266.0,6.0,0,0,0,1,185,0,0,1
CF,BT29,48.920925,1.716286,0,BT,264.0,29.4,263.0,21.0,0,0,0,0,0,0,0,1
CF,D005F,48.728556,1.670158,0,EPR,5.0,6.2,185.0,10.0,0,0,0,0,0,0,0,1
CF,D282F,48.675311,1.841714,0,RBT,282.0,6.2,102.0,7.0,0,0,0,0,0,0,0,0
TF,TSU,48.753722,2.102361,0, ,0.0,0.0,0.0,0.0,0,0,0,0,0,0,0,0

SID,PN2F,25,1
CA,0,248.0,2,620,0,0,0,0,0,0
CF,D246F,48.931219,2.307386,0,BT,246.0,6.4,246.0,4.0,0,0,0,0,0,0,0,1
CF,BT29,48.920925,1.716286,0,BT,264.0,29.4,263.0,23.0,0,0,0,0,0,0,0,1
CF,D005F,48.728556,1.670158,0,EPR,5.0,6.2,185.0,10.0,0,0,0,0,0,0,0,1
CF,D282F,48.675311,1.841714,0,RBT,283.0,6.2,102.0,7.0,0,0,0,0,0,0,0,0
TF,TSU,48.753722,2.102361,0, ,0.0,0.0,0.0,0.0,0,0,0,0,0,0,0,0

SID,PN2J,07,1
CA,0,68.0,2,620,0,0,0,0,0,0
CF,D096M,48.952297,2.772031,0,BT,96.0,12.6,96.0,12.0,0,0,0,0,0,0,0,0

SID,PN2J,09,1
CD, ,0,0,0,BT,0,0.0,85.0,2.6,0,0,0,0,0,0,0,0
CF,D096M,48.952297,2.772031,0,BT,96.0,12.6,96.0,10.0,0,0,0,0,0,0,0,0

SID,PN2J,21,1
CF,D211C,48.926231,2.410853,0,CGN,212.1,6.6,205.0,3.0,0,0,0,0,0,0,0,1
CI,1, ,0.0,66.0,0,0,0,1,185,0,0,0
CF,D096M,48.952297,2.772031,0,BT,96.0,12.6,96.0,3.0,0,0,0,0,0,0,0,0

SID,PN2J,ALL,2
IF,D096M,48.952297,2.772031, ,0.0,0.0,0,0,0,0,0,0,0,0
CF,D002Q,48.737067,2.828128,0,MLN,2.0,16.9,182.0,12.0,0,0,0,0,0,0,0,1
CF,CLM37,48.416978,2.351539,0,CLM,226.0,36.8,226.0,26.0,0,0,0,0,0,0,0,1
CI,0, ,0.0,270.0,0,0,0,0,0,0,0,0
CF,D117G,48.576456,1.801914,0,EPR,117.0,6.5,297.0,23.0,0,0,0,0,0,0,0,0
CR,0,TSU,242.0,26.0,0,0,0,0,0,0,0,0
CF,TSU,48.753722,2.102361,0,BT,226.6,19.3,64.0,10.0,0,0,0,0,0,0,0,0

SID,PN2M,07,1
CA,0,68.0,2,620,0,0,0,0,0,0
CF,D096K,48.955544,2.726781,0,BT,96.0,10.8,96.0,10.0,0,0,0,0,0,0,0,1
CF,TSU,48.753722,2.102361,2,BT,226.6,19.3,251.0,27.0,0,0,0,0,0,0,0,0

SID,PN2M,09,1
CD, ,0,0,0,BT,0,0.0,85.0,2.6,0,0,0,0,0,0,0,0
CF,D096K,48.955544,2.726781,0,BT,96.0,10.8,96.0,8.0,0,0,0,0,0,0,0,1
CF,TSU,48.753722,2.102361,2,BT,226.6,19.3,251.0,27.0,0,0,0,0,0,0,0,0

SID,PN2M,21,1
CF,D211C,48.926231,2.410853,0,CGN,212.1,6.6,205.0,3.0,0,0,0,0,0,0,0,1
CF,D096K,48.955544,2.726781,1,BT,96.0,10.8,66.0,11.0,0,0,0,1,185,0,0,1
CF,TSU,48.753722,2.102361,2,BT,226.6,19.3,251.0,27.0,0,0,0,0,0,0,0,0

SID,PTV2C,21,1
CF,D211C,48.926231,2.410853,0,CGN,212.1,6.6,205.0,3.0,0,0,0,0,0,0,0,1
CF,PB253,48.917833,2.262056,0,CGN,237.0,11.2,266.0,6.0,0,0,0,1,185,0,0,0
FD,PB253,48.917833,2.262056,0,BT,246.0,12.0,246.0,12.0,0,0,0,0,0,0,0,0
CF,POY,48.730139,2.389778,1,CGN,194.1,17.9,124.0,11.0,0,0,0,0,0,0,0,0

SID,PTV2C,25,1
CA,0,248.0,2,620,0,0,0,0,0,0
CF,PB253,48.917833,2.262056,0,CGN,237.0,11.2,246.0,7.0,0,0,0,0,0,0,0,0
FD,PB253,48.917833,2.262056,0,BT,246.0,12.0,246.0,12.0,0,0,0,0,0,0,0,0
CF,POY,48.730139,2.389778,1,CGN,194.1,17.9,124.0,11.0,0,0,0,0,0,0,0,0

SID,PTV2C,ALL,2
IF,POY,48.730139,2.389778, ,0.0,0.0,0,0,0,0,0,0,0,0
TF,PTV,48.155583,2.264778,0, ,0.0,0.0,0.0,0.0,0,0,0,0,0,0,0,0

SID,PTV2F,21,1
CF,D211C,48.926231,2.410853,0,CGN,212.1,6.6,205.0,3.0,0,0,0,0,0,0,0,1
CF,PB253,48.917833,2.262056,0,CGN,237.0,11.2,266.0,6.0,0,0,0,1,185,0,0,0
FD,PB253,48.917833,2.262056,0,BT,246.0,12.0,246.0,12.0,0,0,0,0,0,0,0,0
CF,POY,48.730139,2.389778,1,CGN,194.1,17.9,124.0,11.0,0,0,0,0,0,0,0,0

SID,PTV2F,25,1
CA,0,248.0,2,620,0,0,0,0,0,0
CF,PB253,48.917833,2.262056,0,CGN,237.0,11.2,246.0,7.0,0,0,0,0,0,0,0,0
FD,PB253,48.917833,2.262056,0,BT,246.0,12.0,246.0,12.0,0,0,0,0,0,0,0,0
CF,POY,48.730139,2.389778,1,CGN,194.1,17.9,124.0,11.0,0,0,0,0,0,0,0,0

SID,PTV2F,ALL,2
IF,POY,48.730139,2.389778, ,0.0,0.0,0,0,0,0,0,0,0,0
TF,PTV,48.155583,2.264778,0, ,0.0,0.0,0.0,0.0,0,0,0,0,0,0,0,0

SID,PTV2J,07,1
CA,0,68.0,2,620,0,0,0,0,0,0
CF,PB093,48.951222,2.782028,0,BT,96.1,13.0,96.0,12.0,0,0,0,0,0,0,0,1

SID,PTV2J,09,1
CD, ,0,0,0,BT,0,0.0,85.0,2.6,0,0,0,0,0,0,0,0
CF,PB093,48.951222,2.782028,0,BT,96.1,13.0,96.0,10.0,0,0,0,0,0,0,0,1

SID,PTV2J,21,1
CF,D211C,48.926231,2.410853,0,CGN,212.1,6.6,205.0,3.0,0,0,0,0,0,0,0,1
CI,1, ,0.0,66.0,0,0,0,1,185,0,0,0
CF,PB093,48.951222,2.782028,0,CGN,110.2,11.9,96.0,4.0,0,0,0,0,0,0,0,1

SID,PTV2J,ALL,2
IF,PB093,48.951222,2.782028, ,0.0,0.0,0,0,0,0,0,0,0,0
CF,MLN17,48.740394,2.828303,0,MLN,2.0,17.1,182.0,13.0,0,0,0,0,0,0,0,1
CF,CLM38,48.408806,2.339050,0,MLN,261.7,19.2,226.0,27.0,0,0,0,0,0,0,0,1
CF,PTV,48.155583,2.264778,0,MLN,230.8,28.4,188.0,15.0,0,0,0,0,0,0,0,0

SID,PTV2M,07,1
CA,0,68.0,2,620,0,0,0,0,0,0
CF,PB093,48.951222,2.782028,0,BT,96.1,13.0,96.0,12.0,0,0,0,0,0,0,0,1
CF,D074O,48.820197,2.456306,2,RBT,61.3,20.9,254.0,15.0,0,0,0,0,0,0,0,1
DF,POY,48.730139,2.389778,0, ,0.0,0.0,0,0,0,0,0,0,0,0

SID,PTV2M,09,1
CD, ,0,0,0,BT,0,0.0,85.0,2.6,0,0,0,0,0,0,0,0
CF,PB093,48.951222,2.782028,0,BT,96.1,13.0,96.0,10.0,0,0,0,0,0,0,0,1
CF,D074O,48.820197,2.456306,2,RBT,61.3,20.9,254.0,15.0,0,0,0,0,0,0,0,1
DF,POY,48.730139,2.389778,0, ,0.0,0.0,0,0,0,0,0,0,0,0

SID,PTV2M,21,1
CF,D211C,48.926231,2.410853,0,CGN,212.1,6.6,205.0,3.0,0,0,0,0,0,0,0,1
CI,1, ,0.0,66.0,0,0,0,1,185,0,0,0
CF,PB093,48.951222,2.782028,0,CGN,110.2,11.9,96.0,4.0,0,0,0,0,0,0,0,1
CF,D074O,48.820197,2.456306,2,RBT,61.3,20.9,254.0,15.0,0,0,0,0,0,0,0,1
DF,POY,48.730139,2.389778,0, ,0.0,0.0,0,0,0,0,0,0,0,0

SID,PTV2M,ALL,2
IF,POY,48.730139,2.389778, ,0.0,0.0,0,0,0,0,0,0,0,0
TF,PTV,48.155583,2.264778,0, ,0.0,0.0,0.0,0.0,0,0,0,0,0,0,0,0

SID,PV2C,21,1
CD, ,0,0,0,BT,0,0.0,205.0,3.4,0,0,0,0,0,0,0,0
CF,PB253,48.917833,2.262056,0,BT,246.0,8.4,266.0,6.0,0,0,0,1,185,0,0,0
TF,D246J,48.904653,2.217458,0, ,0.0,0.0,0.0,0.0,0,0,0,0,0,0,0,1
CF,D222M,48.808839,2.229408,0,BT,222.0,13.4,156.0,5.0,0,0,0,0,0,0,0,1
CF,D170H,48.841347,2.490778,0,BT,170.0,8.1,71.0,10.0,0,0,0,0,0,0,0,1
VM,0,0,2,268.0,0,0,0,0,0,0,0,0

SID,PV2C,25,1
CA,0,248.0,2,620,0,0,0,0,0,0
CF,D246J,48.904653,2.217458,0,BT,246.0,10.3,246.0,8.0,0,0,0,0,0,0,0,1
CF,D222M,48.808839,2.229408,0,BT,222.0,13.4,156.0,5.0,0,0,0,0,0,0,0,1
CF,D170H,48.841347,2.490778,0,BT,170.0,8.1,71.0,10.0,0,0,0,0,0,0,0,1
VM,0,0,2,268.0,0,0,0,0,0,0,0,0

SID,PV2F,21,1
CD, ,0,0,0,BT,0,0.0,205.0,3.4,0,0,0,0,0,0,0,0
CF,PB253,48.917833,2.262056,0,BT,246.0,8.4,266.0,6.0,0,0,0,1,185,0,0,1
CF,BT29,48.920925,1.716286,0,BT,264.0,29.4,263.0,21.0,0,0,0,0,0,0,0,1
CF,D005J,48.794917,1.678964,0,EPR,5.0,10.2,185.0,6.0,0,0,0,0,0,0,0,1
VM,0,0,1,88.0,0,0,0,0,0,0,0,0

SID,PV2F,25,1
CA,0,248.0,2,620,0,0,0,0,0,0
CF,D246F,48.931219,2.307386,0,BT,246.0,6.4,246.0,4.0,0,0,0,0,0,0,0,1
CF,BT29,48.920925,1.716286,0,BT,264.0,29.4,263.0,23.0,0,0,0,0,0,0,0,1
CF,D005J,48.794917,1.678964,0,EPR,5.0,10.2,185.0,6.0,0,0,0,0,0,0,0,1
VM,0,0,1,89.0,0,0,0,0,0,0,0,0

SID,PV2J,07,1
CA,0,68.0,2,620,0,0,0,0,0,0
CF,D096M,48.952297,2.772031,0,BT,96.0,12.6,96.0,12.0,0,0,0,0,0,0,0,0

SID,PV2J,09,1
CD, ,0,0,0,BT,0,0.0,85.0,2.6,0,0,0,0,0,0,0,0
CF,D096M,48.952297,2.772031,0,BT,96.0,12.6,96.0,10.0,0,0,0,0,0,0,0,0

SID,PV2J,21,1
CF,D211C,48.926231,2.410853,0,CGN,212.1,6.6,205.0,3.0,0,0,0,0,0,0,0,1
CI,1, ,0.0,66.0,0,0,0,1,185,0,0,0
CF,D096M,48.952297,2.772031,0,BT,96.0,12.6,96.0,3.0,0,0,0,0,0,0,0,0

SID,PV2J,ALL,2
IF,D096M,48.952297,2.772031, ,0.0,0.0,0,0,0,0,0,0,0,0
CF,D002Q,48.737067,2.828128,0,MLN,2.0,16.9,182.0,12.0,0,0,0,0,0,0,0,1
CF,CLM37,48.416978,2.351539,0,CLM,226.0,36.8,226.0,26.0,0,0,0,0,0,0,0,1
CI,0, ,0.0,270.0,0,0,0,0,0,0,0,0
CF,D117G,48.576456,1.801914,0,EPR,117.0,6.5,297.0,23.0,0,0,0,0,0,0,0,0
CR,0,TSU,269.0,26.0,0,0,0,0,0,0,0,0
VM,0,0,0,88.0,0,0,0,0,0,0,0,0

SID,PV2M,07,1
CA,0,68.0,2,620,0,0,0,0,0,0
CF,D096K,48.955544,2.726781,0,BT,96.0,10.8,96.0,10.0,0,0,0,0,0,0,0,0

SID,PV2M,09,1
CD, ,0,0,0,BT,0,0.0,85.0,2.6,0,0,0,0,0,0,0,0
CF,D096K,48.955544,2.726781,0,BT,96.0,10.8,96.0,8.0,0,0,0,0,0,0,0,0

SID,PV2M,21,1
CF,D211C,48.926231,2.410853,0,CGN,212.1,6.6,205.0,3.0,0,0,0,0,0,0,0,1
CF,D096K,48.955544,2.726781,1,BT,96.0,10.8,66.0,11.0,0,0,0,1,185,0,0,0

SID,PV2M,ALL,2
IF,D096K,48.955544,2.726781, ,0.0,0.0,0,0,0,0,0,0,0,0
CI,0, ,0.0,215.0,0,0,0,0,0,0,0,0
CF,D059G,48.786661,2.532358,0,BT,164.8,11.7,238.0,3.0,0,0,0,0,0,0,0,0
VM,0,0,0,268.0,0,0,0,0,0,0,0,0

SID,RANU2C,25,5
CA,0,248.0,2,620,0,0,0,0,0,0
CF,PB253,48.917833,2.262056,0,CGN,237.0,11.2,246.0,6.0,0,0,0,0,0,0,0,1
DF,PB256,48.910861,2.121472,0, ,0.0,0.0,0,0,0,0,0,0,0,1
DF,PIVER,48.795944,2.267528,1, ,0.0,0.0,0,0,0,0,0,0,0,0
TF,CLM,48.844639,3.013861,0, ,0.0,0.0,0.0,0.0,0,0,0,0,0,0,0,0
TF,NEPAR,49.086111,3.550833,0, ,0.0,0.0,0.0,0.0,0,0,0,0,0,0,0,0
TF,RANUX,49.138889,4.361667,0, ,0.0,0.0,0.0,0.0,0,0,0,0,0,0,0,0

SID,RANU2F,25,5
CA,0,248.0,2,620,0,0,0,0,0,0
CF,PB253,48.917833,2.262056,0,CGN,237.0,11.2,246.0,6.0,0,0,0,0,0,0,0,1
DF,PB256,48.910861,2.121472,0, ,0.0,0.0,0,0,0,0,0,0,0,1
DF,PIVER,48.795944,2.267528,1, ,0.0,0.0,0,0,0,0,0,0,0,0
TF,CLM,48.844639,3.013861,0, ,0.0,0.0,0.0,0.0,0,0,0,0,0,0,0,0
TF,NEPAR,49.086111,3.550833,0, ,0.0,0.0,0.0,0.0,0,0,0,0,0,0,0,0
TF,RANUX,49.138889,4.361667,0, ,0.0,0.0,0.0,0.0,0,0,0,0,0,0,0,0

SID,RANU2J,09,5
CF,PB090,48.969111,2.520389,0,BT,97.4,2.6,85.0,3.0,0,0,0,0,0,0,0,1
TF,PB093,48.951222,2.782028,0, ,0.0,0.0,0.0,0.0,0,0,0,0,0,0,0,1
DF,PB094,48.942139,2.905306,0, ,0.0,0.0,0,0,0,0,0,0,0,1
DF,NEPAR,49.086111,3.550833,0, ,0.0,0.0,0,0,0,0,0,0,0,0
TF,RANUX,49.138889,4.361667,0, ,0.0,0.0,0.0,0.0,0,0,0,0,0,0,0,0

SID,RANU2M,09,5
CF,PB090,48.969111,2.520389,0,BT,97.4,2.6,85.0,3.0,0,0,0,0,0,0,0,1
TF,PB093,48.951222,2.782028,0, ,0.0,0.0,0.0,0.0,0,0,0,0,0,0,0,1
DF,PB094,48.942139,2.905306,0, ,0.0,0.0,0,0,0,0,0,0,0,1
DF,NEPAR,49.086111,3.550833,0, ,0.0,0.0,0,0,0,0,0,0,0,0
TF,RANUX,49.138889,4.361667,0, ,0.0,0.0,0.0,0.0,0,0,0,0,0,0,0,0

SID,RANU2P,21,5
CD, ,0,0,0,BT,0,0.0,205.0,3.4,0,0,0,0,0,0,0,0
CF,PB253,48.917833,2.262056,0,BT,246.0,8.4,266.0,6.0,0,0,0,1,185,0,0,1
DF,PB256,48.910861,2.121472,0, ,0.0,0.0,0,0,0,0,0,0,0,1
DF,PIVER,48.795944,2.267528,1, ,0.0,0.0,0,0,0,0,0,0,0,0
TF,CLM,48.844639,3.013861,0, ,0.0,0.0,0.0,0.0,0,0,0,0,0,0,0,0
TF,NEPAR,49.086111,3.550833,0, ,0.0,0.0,0.0,0.0,0,0,0,0,0,0,0,0
TF,RANUX,49.138889,4.361667,0, ,0.0,0.0,0.0,0.0,0,0,0,0,0,0,0,0

SID,RANU2Q,07,4
CA,0,68.0,2,620,0,0,0,0,0,0
CF,PB093,48.951222,2.782028,0,BT,96.1,13.0,96.0,12.0,0,0,0,0,0,0,0,1

SID,RANU2Q,21,4
CD, ,0,0,0,BT,0,0.0,205.0,3.4,0,0,0,0,0,0,0,0
CI,1, ,0.0,66.0,0,0,0,1,185,0,0,0
CF,PB093,48.951222,2.782028,0,CGN,110.2,11.9,96.0,4.0,0,0,0,0,0,0,0,1

SID,RANU2Q,ALL,5
IF,PB093,48.951222,2.782028, ,0.0,0.0,0,0,0,0,0,0,0,0
DF,PB094,48.942139,2.905306,0, ,0.0,0.0,0,0,0,0,0,0,0,1
DF,NEPAR,49.086111,3.550833,0, ,0.0,0.0,0,0,0,0,0,0,0,0
TF,RANUX,49.138889,4.361667,0, ,0.0,0.0,0.0,0.0,0,0,0,0,0,0,0,0

STAR,DJL8E,07,5
IF,DJL,47.270778,5.097333, ,0.0,0.0,0,0,0,0,0,0,0,0
TF,AKONO,47.715639,4.589500,0, ,0.0,0.0,0.0,0.0,3,26000,0,1,280,0,0,0
TF,BOLLY,48.091944,4.151111,0, ,0.0,0.0,0.0,0.0,0,0,0,0,0,0,0,0
TF,TRO,48.251222,3.963139,0, ,0.0,0.0,0.0,0.0,1,15000,0,1,250,0,0,0
TF,EPURI,48.457111,3.637583,0, ,0.0,0.0,0.0,0.0,1,9000,0,0,0,0,0,0
TF,OKABO,48.549389,3.490389,0, ,0.0,0.0,0.0,0.0,1,7000,0,0,0,0,0,0

STAR,DJL8W,25,6
IF,DJL,47.270778,5.097333, ,0.0,0.0,0,0,0,0,0,0,0,0
TF,AKONO,47.715639,4.589500,0, ,0.0,0.0,0.0,0.0,3,26000,0,1,280,0,0,0
TF,BOLLY,48.091944,4.151111,0, ,0.0,0.0,0.0,0.0,0,0,0,0,0,0,0,0
TF,TRO,48.251222,3.963139,0, ,0.0,0.0,0.0,0.0,1,13000,0,1,250,0,0,0
TF,EPURI,48.457111,3.637583,0, ,0.0,0.0,0.0,0.0,1,8000,0,0,0,0,0,0
TF,OKABO,48.549389,3.490389,0, ,0.0,0.0,0.0,0.0,1,7000,0,0,0,0,0,0

STAR,DJL8W,27,6
IF,DJL,47.270778,5.097333, ,0.0,0.0,0,0,0,0,0,0,0,0
TF,AKONO,47.715639,4.589500,0, ,0.0,0.0,0.0,0.0,3,26000,0,1,280,0,0,0
TF,BOLLY,48.091944,4.151111,0, ,0.0,0.0,0.0,0.0,0,0,0,0,0,0,0,0
TF,TRO,48.251222,3.963139,0, ,0.0,0.0,0.0,0.0,1,13000,0,1,250,0,0,0
TF,EPURI,48.457111,3.637583,0, ,0.0,0.0,0.0,0.0,1,8000,0,0,0,0,0,0
TF,OKABO,48.549389,3.490389,0, ,0.0,0.0,0.0,0.0,1,7000,0,0,0,0,0,0

STAR,EPL8E,07,5
IF,EPL,48.317833,6.059417, ,0.0,0.0,0,0,0,0,0,0,0,0
TF,LUVAL,48.293889,5.153611,0, ,0.0,0.0,0.0,0.0,0,0,0,0,0,0,0,0
TF,BOLLY,48.091944,4.151111,0, ,0.0,0.0,0.0,0.0,0,0,0,0,0,0,0,0
TF,TRO,48.251222,3.963139,0, ,0.0,0.0,0.0,0.0,1,15000,0,1,250,0,0,0
TF,EPURI,48.457111,3.637583,0, ,0.0,0.0,0.0,0.0,1,9000,0,0,0,0,0,0
TF,OKABO,48.549389,3.490389,0, ,0.0,0.0,0.0,0.0,1,7000,0,0,0,0,0,0

STAR,EPL8W,25,6
IF,EPL,48.317833,6.059417, ,0.0,0.0,0,0,0,0,0,0,0,0
TF,LUVAL,48.293889,5.153611,0, ,0.0,0.0,0.0,0.0,0,0,0,0,0,0,0,0
TF,BOLLY,48.091944,4.151111,0, ,0.0,0.0,0.0,0.0,0,0,0,0,0,0,0,0
TF,TRO,48.251222,3.963139,0, ,0.0,0.0,0.0,0.0,1,13000,0,1,250,0,0,0
TF,EPURI,48.457111,3.637583,0, ,0.0,0.0,0.0,0.0,1,8000,0,0,0,0,0,0
TF,OKABO,48.549389,3.490389,0, ,0.0,0.0,0.0,0.0,1,7000,0,0,0,0,0,0

STAR,EPL8W,27,6
IF,EPL,48.317833,6.059417, ,0.0,0.0,0,0,0,0,0,0,0,0
TF,LUVAL,48.293889,5.153611,0, ,0.0,0.0,0.0,0.0,0,0,0,0,0,0,0,0
TF,BOLLY,48.091944,4.151111,0, ,0.0,0.0,0.0,0.0,0,0,0,0,0,0,0,0
TF,TRO,48.251222,3.963139,0, ,0.0,0.0,0.0,0.0,1,13000,0,1,250,0,0,0
TF,EPURI,48.457111,3.637583,0, ,0.0,0.0,0.0,0.0,1,8000,0,0,0,0,0,0
TF,OKABO,48.549389,3.490389,0, ,0.0,0.0,0.0,0.0,1,7000,0,0,0,0,0,0

STAR,KEPE6E,07,5
IF,KEPER,47.806111,0.273889, ,0.0,0.0,1,24000,0,0,0,0,0,0
TF,LUMAN,47.939444,0.413333,0, ,0.0,0.0,0.0,0.0,0,0,0,1,280,0,0,0
TF,ROMGO,48.346583,0.844111,0, ,0.0,0.0,0.0,0.0,0,0,0,0,0,0,0,0
TF,FF501,48.411944,1.032500,0, ,0.0,0.0,0.0,0.0,1,13000,0,0,0,0,0,0
TF,NERKI,48.513056,1.327139,0, ,0.0,0.0,0.0,0.0,1,10000,0,1,250,0,0,0
TF,BANOX,48.574194,1.505500,0, ,0.0,0.0,0.0,0.0,1,9000,0,0,0,0,0,0

STAR,KEPE6W,25,6
IF,KEPER,47.806111,0.273889, ,0.0,0.0,1,24000,0,0,0,0,0,0
TF,LUMAN,47.939444,0.413333,0, ,0.0,0.0,0.0,0.0,0,0,0,1,280,0,0,0
TF,ROMGO,48.346583,0.844111,0, ,0.0,0.0,0.0,0.0,0,0,0,0,0,0,0,0
TF,FF501,48.411944,1.032500,0, ,0.0,0.0,0.0,0.0,1,11000,0,0,0,0,0,0
TF,NERKI,48.513056,1.327139,0, ,0.0,0.0,0.0,0.0,1,9000,0,1,250,0,0,0
TF,BANOX,48.574194,1.505500,0, ,0.0,0.0,0.0,0.0,1,7000,0,0,0,0,0,0

STAR,KEPE6W,27,6
IF,KEPER,47.806111,0.273889, ,0.0,0.0,1,24000,0,0,0,0,0,0
TF,LUMAN,47.939444,0.413333,0, ,0.0,0.0,0.0,0.0,0,0,0,1,280,0,0,0
TF,ROMGO,48.346583,0.844111,0, ,0.0,0.0,0.0,0.0,0,0,0,0,0,0,0,0
TF,FF501,48.411944,1.032500,0, ,0.0,0.0,0.0,0.0,1,11000,0,0,0,0,0,0
TF,NERKI,48.513056,1.327139,0, ,0.0,0.0,0.0,0.0,1,9000,0,1,250,0,0,0
TF,BANOX,48.574194,1.505500,0, ,0.0,0.0,0.0,0.0,1,7000,0,0,0,0,0,0

STAR,KOVA6E,07,5
IF,KOVAK,47.993056,0.846667, ,0.0,0.0,0,0,0,1,280,0,0,0
TF,BENAR,48.253056,0.744444,0, ,0.0,0.0,0.0,0.0,0,0,0,0,0,0,0,0
TF,ROMGO,48.346583,0.844111,0, ,0.0,0.0,0.0,0.0,0,0,0,0,0,0,0,0
TF,FF501,48.411944,1.032500,0, ,0.0,0.0,0.0,0.0,1,13000,0,0,0,0,0,0
TF,NERKI,48.513056,1.327139,0, ,0.0,0.0,0.0,0.0,1,10000,0,1,250,0,0,0
TF,BANOX,48.574194,1.505500,0, ,0.0,0.0,0.0,0.0,1,9000,0,0,0,0,0,0

STAR,KOVA6W,25,6
IF,KOVAK,47.993056,0.846667, ,0.0,0.0,0,0,0,1,280,0,0,0
TF,BENAR,48.253056,0.744444,0, ,0.0,0.0,0.0,0.0,0,0,0,0,0,0,0,0
TF,ROMGO,48.346583,0.844111,0, ,0.0,0.0,0.0,0.0,0,0,0,0,0,0,0,0
TF,FF501,48.411944,1.032500,0, ,0.0,0.0,0.0,0.0,1,11000,0,0,0,0,0,0
TF,NERKI,48.513056,1.327139,0, ,0.0,0.0,0.0,0.0,1,9000,0,1,250,0,0,0
TF,BANOX,48.574194,1.505500,0, ,0.0,0.0,0.0,0.0,1,7000,0,0,0,0,0,0

STAR,KOVA6W,27,6
IF,KOVAK,47.993056,0.846667, ,0.0,0.0,0,0,0,1,280,0,0,0
TF,BENAR,48.253056,0.744444,0, ,0.0,0.0,0.0,0.0,0,0,0,0,0,0,0,0
TF,ROMGO,48.346583,0.844111,0, ,0.0,0.0,0.0,0.0,0,0,0,0,0,0,0,0
TF,FF501,48.411944,1.032500,0, ,0.0,0.0,0.0,0.0,1,11000,0,0,0,0,0,0
TF,NERKI,48.513056,1.327139,0, ,0.0,0.0,0.0,0.0,1,9000,0,1,250,0,0,0
TF,BANOX,48.574194,1.505500,0, ,0.0,0.0,0.0,0.0,1,7000,0,0,0,0,0,0

STAR,MATI7E,07,5
IF,MATIX,50.098333,3.914167, ,0.0,0.0,0,0,0,0,0,0,0,0
TF,GITAN,49.376944,4.034722,0, ,0.0,0.0,0.0,0.0,1,14000,0,1,280,0,0,0
TF,GIMER,49.365556,3.973889,0, ,0.0,0.0,0.0,0.0,0,0,0,0,0,0,0,0
TF,VEBEK,49.268611,3.683056,0, ,0.0,0.0,0.0,0.0,1,11000,0,1,280,0,0,0

STAR,MATI7W,25,6
IF,MATIX,50.098333,3.914167, ,0.0,0.0,0,0,0,0,0,0,0,0
TF,GITAN,49.376944,4.034722,0, ,0.0,0.0,0.0,0.0,1,14000,0,1,280,0,0,0
TF,GIMER,49.365556,3.973889,0, ,0.0,0.0,0.0,0.0,0,0,0,0,0,0,0,0
TF,VEBEK,49.268611,3.683056,0, ,0.0,0.0,0.0,0.0,1,11000,0,1,250,0,0,0

STAR,MATI7W,27,6
IF,MATIX,50.098333,3.914167, ,0.0,0.0,0,0,0,0,0,0,0,0
TF,GITAN,49.376944,4.034722,0, ,0.0,0.0,0.0,0.0,1,14000,0,1,280,0,0,0
TF,GIMER,49.365556,3.973889,0, ,0.0,0.0,0.0,0.0,0,0,0,0,0,0,0,0
TF,VEBEK,49.268611,3.683056,0, ,0.0,0.0,0.0,0.0,1,11000,0,1,250,0,0,0

STAR,MOPI7E,07,5
IF,MOPIL,50.147778,4.107778, ,0.0,0.0,3,26000,0,0,0,0,0,0
TF,SOTUS,49.380000,4.050278,0, ,0.0,0.0,0.0,0.0,1,14000,0,1,280,0,0,0
TF,GIMER,49.365556,3.973889,0, ,0.0,0.0,0.0,0.0,0,0,0,0,0,0,0,0
TF,VEBEK,49.268611,3.683056,0, ,0.0,0.0,0.0,0.0,1,11000,0,1,280,0,0,0

STAR,MOPI7W,25,6
IF,MOPIL,50.147778,4.107778, ,0.0,0.0,3,26000,0,0,0,0,0,0
TF,SOTUS,49.380000,4.050278,0, ,0.0,0.0,0.0,0.0,1,14000,0,1,280,0,0,0
TF,GIMER,49.365556,3.973889,0, ,0.0,0.0,0.0,0.0,0,0,0,0,0,0,0,0
TF,VEBEK,49.268611,3.683056,0, ,0.0,0.0,0.0,0.0,1,11000,0,1,250,0,0,0

STAR,MOPI7W,27,6
IF,MOPIL,50.147778,4.107778, ,0.0,0.0,3,26000,0,0,0,0,0,0
TF,SOTUS,49.380000,4.050278,0, ,0.0,0.0,0.0,0.0,1,14000,0,1,280,0,0,0
TF,GIMER,49.365556,3.973889,0, ,0.0,0.0,0.0,0.0,0,0,0,0,0,0,0,0
TF,VEBEK,49.268611,3.683056,0, ,0.0,0.0,0.0,0.0,1,11000,0,1,250,0,0,0

STAR,MOU8E,07,5
IF,MOU,46.706778,3.631667, ,0.0,0.0,0,0,0,0,0,0,0,0
TF,TRO,48.251222,3.963139,0, ,0.0,0.0,0.0,0.0,1,15000,0,1,250,0,0,0
TF,EPURI,48.457111,3.637583,0, ,0.0,0.0,0.0,0.0,1,9000,0,0,0,0,0,0
TF,OKABO,48.549389,3.490389,0, ,0.0,0.0,0.0,0.0,1,7000,0,0,0,0,0,0

STAR,MOU8W,25,6
IF,MOU,46.706778,3.631667, ,0.0,0.0,0,0,0,0,0,0,0,0
TF,TRO,48.251222,3.963139,0, ,0.0,0.0,0.0,0.0,1,13000,0,1,250,0,0,0
TF,EPURI,48.457111,3.637583,0, ,0.0,0.0,0.0,0.0,1,8000,0,0,0,0,0,0
TF,OKABO,48.549389,3.490389,0, ,0.0,0.0,0.0,0.0,1,7000,0,0,0,0,0,0

STAR,MOU8W,27,6
IF,MOU,46.706778,3.631667, ,0.0,0.0,0,0,0,0,0,0,0,0
TF,TRO,48.251222,3.963139,0, ,0.0,0.0,0.0,0.0,1,13000,0,1,250,0,0,0
TF,EPURI,48.457111,3.637583,0, ,0.0,0.0,0.0,0.0,1,8000,0,0,0,0,0,0
TF,OKABO,48.549389,3.490389,0, ,0.0,0.0,0.0,0.0,1,7000,0,0,0,0,0,0

STAR,PEXI7E,07,5
IF,PEXIR,49.202778,0.613333, ,0.0,0.0,3,13000,0,1,250,0,0,0
TF,PITAV,49.194722,0.933333,0, ,0.0,0.0,0.0,0.0,3,9000,0,0,0,0,0,0
TF,KOLIV,49.299972,1.570556,0, ,0.0,0.0,0.0,0.0,3,7000,0,1,250,0,0,0
TF,MOPAR,49.291722,1.757278,0, ,0.0,0.0,0.0,0.0,1,7000,0,0,0,0,0,0

STAR,PEXI7W,25,6
IF,PEXIR,49.202778,0.613333, ,0.0,0.0,3,15000,0,1,250,0,0,0
TF,PITAV,49.194722,0.933333,0, ,0.0,0.0,0.0,0.0,3,11000,0,0,0,0,0,0
TF,MOBRO,49.455444,1.606444,0, ,0.0,0.0,0.0,0.0,1,7000,0,1,250,0,0,0

STAR,PEXI7W,27,6
IF,PEXIR,49.202778,0.613333, ,0.0,0.0,3,15000,0,1,250,0,0,0
TF,PITAV,49.194722,0.933333,0, ,0.0,0.0,0.0,0.0,3,11000,0,0,0,0,0,0
TF,MOBRO,49.455444,1.606444,0, ,0.0,0.0,0.0,0.0,1,7000,0,1,250,0,0,0

STAR,PIBA8E,07,5
IF,PIBAT,46.805833,4.259167, ,0.0,0.0,0,0,0,0,0,0,0,0
TF,AVLON,47.560000,3.813333,0, ,0.0,0.0,0.0,0.0,0,0,0,0,0,0,0,0
TF,TRO,48.251222,3.963139,0, ,0.0,0.0,0.0,0.0,1,15000,0,1,250,0,0,0
TF,EPURI,48.457111,3.637583,0, ,0.0,0.0,0.0,0.0,1,9000,0,0,0,0,0,0
TF,OKABO,48.549389,3.490389,0, ,0.0,0.0,0.0,0.0,1,7000,0,0,0,0,0,0

STAR,PIBA8W,25,6
IF,PIBAT,46.805833,4.259167, ,0.0,0.0,0,0,0,0,0,0,0,0
TF,AVLON,47.560000,3.813333,0, ,0.0,0.0,0.0,0.0,0,0,0,0,0,0,0,0
TF,TRO,48.251222,3.963139,0, ,0.0,0.0,0.0,0.0,1,13000,0,1,250,0,0,0
TF,EPURI,48.457111,3.637583,0, ,0.0,0.0,0.0,0.0,1,8000,0,0,0,0,0,0
TF,OKABO,48.549389,3.490389,0, ,0.0,0.0,0.0,0.0,1,7000,0,0,0,0,0,0

STAR,PIBA8W,27,6
IF,PIBAT,46.805833,4.259167, ,0.0,0.0,0,0,0,0,0,0,0,0
TF,AVLON,47.560000,3.813333,0, ,0.0,0.0,0.0,0.0,0,0,0,0,0,0,0,0
TF,TRO,48.251222,3.963139,0, ,0.0,0.0,0.0,0.0,1,13000,0,1,250,0,0,0
TF,EPURI,48.457111,3.637583,0, ,0.0,0.0,0.0,0.0,1,8000,0,0,0,0,0,0
TF,OKABO,48.549389,3.490389,0, ,0.0,0.0,0.0,0.0,1,7000,0,0,0,0,0,0

STAR,RENS7E,07,5
IF,RENSA,49.533056,4.885556, ,0.0,0.0,1,26000,0,0,0,0,0,0
TF,SOTUS,49.380000,4.050278,0, ,0.0,0.0,0.0,0.0,1,14000,0,1,280,0,0,0
TF,GIMER,49.365556,3.973889,0, ,0.0,0.0,0.0,0.0,0,0,0,0,0,0,0,0
TF,VEBEK,49.268611,3.683056,0, ,0.0,0.0,0.0,0.0,1,11000,0,1,280,0,0,0

STAR,RENS7W,25,6
IF,RENSA,49.533056,4.885556, ,0.0,0.0,1,26000,0,0,0,0,0,0
TF,SOTUS,49.380000,4.050278,0, ,0.0,0.0,0.0,0.0,1,14000,0,1,280,0,0,0
TF,GIMER,49.365556,3.973889,0, ,0.0,0.0,0.0,0.0,0,0,0,0,0,0,0,0
TF,VEBEK,49.268611,3.683056,0, ,0.0,0.0,0.0,0.0,1,11000,0,1,250,0,0,0

STAR,RENS7W,27,6
IF,RENSA,49.533056,4.885556, ,0.0,0.0,1,26000,0,0,0,0,0,0
TF,SOTUS,49.380000,4.050278,0, ,0.0,0.0,0.0,0.0,1,14000,0,1,280,0,0,0
TF,GIMER,49.365556,3.973889,0, ,0.0,0.0,0.0,0.0,0,0,0,0,0,0,0,0
TF,VEBEK,49.268611,3.683056,0, ,0.0,0.0,0.0,0.0,1,11000,0,1,250,0,0,0

STAR,RLP8E,07,5
IF,RLP,47.906306,5.249167, ,0.0,0.0,0,0,0,0,0,0,0,0
TF,BOLLY,48.091944,4.151111,0, ,0.0,0.0,0.0,0.0,0,0,0,0,0,0,0,0
TF,TRO,48.251222,3.963139,0, ,0.0,0.0,0.0,0.0,1,15000,0,1,250,0,0,0
TF,EPURI,48.457111,3.637583,0, ,0.0,0.0,0.0,0.0,1,9000,0,0,0,0,0,0
TF,OKABO,48.549389,3.490389,0, ,0.0,0.0,0.0,0.0,1,7000,0,0,0,0,0,0

STAR,RLP8W,25,6
IF,RLP,47.906306,5.249167, ,0.0,0.0,0,0,0,0,0,0,0,0
TF,BOLLY,48.091944,4.151111,0, ,0.0,0.0,0.0,0.0,0,0,0,0,0,0,0,0
TF,TRO,48.251222,3.963139,0, ,0.0,0.0,0.0,0.0,1,13000,0,1,250,0,0,0
TF,EPURI,48.457111,3.637583,0, ,0.0,0.0,0.0,0.0,1,8000,0,0,0,0,0,0
TF,OKABO,48.549389,3.490389,0, ,0.0,0.0,0.0,0.0,1,7000,0,0,0,0,0,0

STAR,RLP8W,27,6
IF,RLP,47.906306,5.249167, ,0.0,0.0,0,0,0,0,0,0,0,0
TF,BOLLY,48.091944,4.151111,0, ,0.0,0.0,0.0,0.0,0,0,0,0,0,0,0,0
TF,TRO,48.251222,3.963139,0, ,0.0,0.0,0.0,0.0,1,13000,0,1,250,0,0,0
TF,EPURI,48.457111,3.637583,0, ,0.0,0.0,0.0,0.0,1,8000,0,0,0,0,0,0
TF,OKABO,48.549389,3.490389,0, ,0.0,0.0,0.0,0.0,1,7000,0,0,0,0,0,0

STAR,ROMG6E,07,5
IF,ROMGO,48.346583,0.844111, ,0.0,0.0,0,0,0,0,0,0,0,0
TF,FF501,48.411944,1.032500,0, ,0.0,0.0,0.0,0.0,1,13000,0,0,0,0,0,0
TF,NERKI,48.513056,1.327139,0, ,0.0,0.0,0.0,0.0,1,10000,0,1,250,0,0,0
TF,BANOX,48.574194,1.505500,0, ,0.0,0.0,0.0,0.0,1,9000,0,0,0,0,0,0

STAR,ROMG6W,25,6
IF,ROMGO,48.346583,0.844111, ,0.0,0.0,0,0,0,0,0,0,0,0
TF,FF501,48.411944,1.032500,0, ,0.0,0.0,0.0,0.0,1,11000,0,0,0,0,0,0
TF,NERKI,48.513056,1.327139,0, ,0.0,0.0,0.0,0.0,1,9000,0,1,250,0,0,0
TF,BANOX,48.574194,1.505500,0, ,0.0,0.0,0.0,0.0,1,7000,0,0,0,0,0,0

STAR,ROMG6W,27,6
IF,ROMGO,48.346583,0.844111, ,0.0,0.0,0,0,0,0,0,0,0,0
TF,FF501,48.411944,1.032500,0, ,0.0,0.0,0.0,0.0,1,11000,0,0,0,0,0,0
TF,NERKI,48.513056,1.327139,0, ,0.0,0.0,0.0,0.0,1,9000,0,1,250,0,0,0
TF,BANOX,48.574194,1.505500,0, ,0.0,0.0,0.0,0.0,1,7000,0,0,0,0,0,0

STAR,SABL6E,07,5
IF,SABLE,47.853056,-0.250000, ,0.0,0.0,0,0,0,0,0,0,0,0
TF,LUMAN,47.939444,0.413333,0, ,0.0,0.0,0.0,0.0,0,0,0,1,280,0,0,0
TF,ROMGO,48.346583,0.844111,0, ,0.0,0.0,0.0,0.0,0,0,0,0,0,0,0,0
TF,FF501,48.411944,1.032500,0, ,0.0,0.0,0.0,0.0,1,13000,0,0,0,0,0,0
TF,NERKI,48.513056,1.327139,0, ,0.0,0.0,0.0,0.0,1,10000,0,1,250,0,0,0
TF,BANOX,48.574194,1.505500,0, ,0.0,0.0,0.0,0.0,1,9000,0,0,0,0,0,0

STAR,SABL6W,25,6
IF,SABLE,47.853056,-0.250000, ,0.0,0.0,0,0,0,0,0,0,0,0
TF,LUMAN,47.939444,0.413333,0, ,0.0,0.0,0.0,0.0,0,0,0,1,280,0,0,0
TF,ROMGO,48.346583,0.844111,0, ,0.0,0.0,0.0,0.0,0,0,0,0,0,0,0,0
TF,FF501,48.411944,1.032500,0, ,0.0,0.0,0.0,0.0,1,11000,0,0,0,0,0,0
TF,NERKI,48.513056,1.327139,0, ,0.0,0.0,0.0,0.0,1,9000,0,1,250,0,0,0
TF,BANOX,48.574194,1.505500,0, ,0.0,0.0,0.0,0.0,1,7000,0,0,0,0,0,0

STAR,SABL6W,27,6
IF,SABLE,47.853056,-0.250000, ,0.0,0.0,0,0,0,0,0,0,0,0
TF,LUMAN,47.939444,0.413333,0, ,0.0,0.0,0.0,0.0,0,0,0,1,280,0,0,0
TF,ROMGO,48.346583,0.844111,0, ,0.0,0.0,0.0,0.0,0,0,0,0,0,0,0,0
TF,FF501,48.411944,1.032500,0, ,0.0,0.0,0.0,0.0,1,11000,0,0,0,0,0,0
TF,NERKI,48.513056,1.327139,0, ,0.0,0.0,0.0,0.0,1,9000,0,1,250,0,0,0
TF,BANOX,48.574194,1.505500,0, ,0.0,0.0,0.0,0.0,1,7000,0,0,0,0,0,0

STAR,TRO8E,07,5
IF,TRO,48.251222,3.963139, ,0.0,0.0,1,15000,0,1,250,0,0,0
TF,EPURI,48.457111,3.637583,0, ,0.0,0.0,0.0,0.0,1,9000,0,0,0,0,0,0
TF,OKABO,48.549389,3.490389,0, ,0.0,0.0,0.0,0.0,1,7000,0,0,0,0,0,0

STAR,TRO8W,25,6
IF,TRO,48.251222,3.963139, ,0.0,0.0,1,13000,0,1,250,0,0,0
TF,EPURI,48.457111,3.637583,0, ,0.0,0.0,0.0,0.0,1,8000,0,0,0,0,0,0
TF,OKABO,48.549389,3.490389,0, ,0.0,0.0,0.0,0.0,1,7000,0,0,0,0,0,0

STAR,TRO8W,27,6
IF,TRO,48.251222,3.963139, ,0.0,0.0,1,13000,0,1,250,0,0,0
TF,EPURI,48.457111,3.637583,0, ,0.0,0.0,0.0,0.0,1,8000,0,0,0,0,0,0
TF,OKABO,48.549389,3.490389,0, ,0.0,0.0,0.0,0.0,1,7000,0,0,0,0,0,0

STAR,VELO7E,07,5
IF,VELOL,49.938611,1.286667, ,0.0,0.0,3,14000,0,1,250,0,0,0
TF,VEPET,49.710278,1.501111,0, ,0.0,0.0,0.0,0.0,3,9000,0,0,0,0,0,0
TF,KOLIV,49.299972,1.570556,0, ,0.0,0.0,0.0,0.0,3,7000,0,1,250,0,0,0
TF,MOPAR,49.291722,1.757278,0, ,0.0,0.0,0.0,0.0,1,7000,0,0,0,0,0,0

STAR,VELO7W,25,6
IF,VELOL,49.938611,1.286667, ,0.0,0.0,3,14000,0,1,250,0,0,0
TF,VEPET,49.710278,1.501111,0, ,0.0,0.0,0.0,0.0,3,9000,0,0,0,0,0,0
TF,MOBRO,49.455444,1.606444,0, ,0.0,0.0,0.0,0.0,1,7000,0,1,250,0,0,0

STAR,VELO7W,27,6
IF,VELOL,49.938611,1.286667, ,0.0,0.0,3,14000,0,1,250,0,0,0
TF,VEPET,49.710278,1.501111,0, ,0.0,0.0,0.0,0.0,3,9000,0,0,0,0,0,0
TF,MOBRO,49.455444,1.606444,0, ,0.0,0.0,0.0,0.0,1,7000,0,1,250,0,0,0

APPTR,D07,07,BAN4E
IF,BANOX,48.574194,1.505500, ,0.0,0.0,1,9000,0,1,250,0,1,0
TF,SUBOX,48.749722,1.635278,0, ,0.0,0.0,0.0,0.0,0,0,0,0,0,0,0,0
TF,PB501,48.781861,1.751500,0, ,0.0,0.0,0.0,0.0,0,0,0,0,0,0,0,0
FM,PB501,48.781861,1.751500,0,BT,0.0,0.0,67.0,0,0,0,0,0,0,0,0
CF,CD07,48.889019,2.150631,0,BT,247.0,13.1,67.0,1.0,2,3000,0,0,0,0,1,0

APPTR,D07,07,KOL4E
IF,KOLIV,49.299972,1.570556, ,0.0,0.0,1,7000,0,1,250,0,1,0
TF,PB503,49.126917,1.685194,0, ,0.0,0.0,0.0,0.0,0,0,0,0,0,0,0,0
FM,PB503,49.126917,1.685194,0,BT,0.0,0.0,156.0,0,0,0,0,0,0,0,0
CF,CD07,48.889019,2.150631,0,BT,247.0,13.1,67.0,10.0,2,3000,0,0,0,0,1,0

APPTR,D07,07,OKA4E
IF,OKABO,48.549389,3.490389, ,0.0,0.0,1,7000,0,1,250,0,1,0
TF,CLM,48.844639,3.013861,0, ,0.0,0.0,0.0,0.0,0,0,0,0,0,0,0,0
TF,PB500,48.821694,2.586417,0, ,0.0,0.0,0.0,0.0,0,0,0,0,0,0,0,0
TF,PB505,48.814667,2.460750,0, ,0.0,0.0,0.0,0.0,0,0,0,0,0,0,0,0
FM,PB505,48.814667,2.460750,0,BT,0.0,0.0,265.0,0,0,0,0,0,0,0,0
CF,CD07,48.889019,2.150631,2,BT,247.0,13.1,67.0,1.0,2,3000,0,0,0,0,1,0

APPTR,D07,07,VEB4E
IF,VEBEK,49.268611,3.683056, ,0.0,0.0,1,11000,0,1,280,0,1,0
TF,LARPO,49.108278,2.589611,0, ,0.0,0.0,0.0,0.0,0,0,0,0,0,0,0,0
TF,PG502,49.104611,2.386861,0, ,0.0,0.0,0.0,0.0,0,0,0,0,0,0,0,0
FM,PG502,49.104611,2.386861,0,BT,0.0,0.0,268.0,0,0,0,0,0,0,0,0
CF,CD07,48.889019,2.150631,1,BT,247.0,13.1,67.0,1.0,2,3000,0,0,0,0,1,0

FINAL,D07,07,D,4
IF,CD07,48.889019,2.150631,BT,247.0,13.1,2,3000,0,0,0,0,0,0
CF,FD07,48.908706,2.220281,0,BT,247.0,10.1,67.0,3.0,2,3000,0,0,0,0,2,0
CF,56VOR,48.938153,2.324856,0,BT,247.0,5.6,67.0,4.5,2,1560,0,0,0,0,0,0
CF,MD07,48.961642,2.408603,0,BT,247.0,2.0,67.0,3.6,1,410,0,0,0,0,3,0
CF,BT,48.974667,2.455167,0,BT,0.0,0.0,67.0,2.0,2,620,0,0,0,0,0,1
FD,BT,48.974667,2.455167,0,BT,0.0,2.0,109.0,2.0,1,3000,0,1,185,0,0,0
CF,D026J,48.997258,3.127028,0,CLM,26.0,10.2,26.0,10.3,1,3000,0,0,0,0,0,0
CF,LORNI,49.419417,3.451389,0,CLM,26.4,38.6,26.0,28.4,1,7000,0,0,0,0,0,0

APPTR,D25-A,25,BAN4W
IF,BANOX,48.574194,1.505500, ,0.0,0.0,1,7000,0,1,250,0,1,0
TF,PB502,48.759250,1.774778,0, ,0.0,0.0,0.0,0.0,0,0,0,0,0,0,0,0
TF,PB504,48.776806,2.226250,0, ,0.0,0.0,0.0,0.0,0,0,0,0,0,0,0,0
TF,PB506,48.824667,2.485694,0, ,0.0,0.0,0.0,0.0,0,0,0,0,0,0,0,0
FM,PB506,48.824667,2.485694,0,BT,0.0,0.0,74.0,0,0,0,0,0,0,0,0
CF,CD25A,48.961064,2.742781,1,BT,94.0,11.4,274.0,1.0,2,3000,0,0,0,0,1,0

APPTR,D25-A,25,MOB4W
IF,MOBRO,49.455444,1.606444, ,0.0,0.0,1,7000,0,1,250,0,1,0
TF,BVS,49.436361,2.153194,0, ,0.0,0.0,0.0,0.0,0,0,0,0,0,0,0,0
TF,PG528,49.358611,2.533611,0, ,0.0,0.0,0.0,0.0,0,0,0,0,0,0,0,0
FM,PG528,49.358611,2.533611,0,BT,0.0,0.0,107.0,0,0,0,0,0,0,0,0
CF,CD25A,48.961064,2.742781,2,BT,94.0,11.4,274.0,1.0,2,3000,0,0,0,0,1,0

APPTR,D25-A,25,OKA4W
IF,OKABO,48.549389,3.490389, ,0.0,0.0,1,7000,0,1,250,0,1,0
TF,DOBIK,48.613833,3.387111,0, ,0.0,0.0,0.0,0.0,0,0,0,0,0,0,0,0
TF,LIRSO,48.710222,3.332167,0, ,0.0,0.0,0.0,0.0,0,0,0,0,0,0,0,0
TF,PB508,48.790611,3.261750,0, ,0.0,0.0,0.0,0.0,0,0,0,0,0,0,0,0
FM,PB508,48.790611,3.261750,0,BT,0.0,0.0,330.0,0,0,0,0,0,0,0,0
CF,CD25A,48.961064,2.742781,0,BT,94.0,11.4,274.0,1.0,2,3000,0,0,0,0,1,0

APPTR,D25-A,25,VEB4W
IF,VEBEK,49.268611,3.683056, ,0.0,0.0,1,11000,0,1,250,0,1,0
TF,CTL,49.137750,3.577694,0, ,0.0,0.0,0.0,0.0,0,0,0,0,0,0,0,0
TF,PB510,49.044333,3.436222,0, ,0.0,0.0,0.0,0.0,0,0,0,0,0,0,0,0
FM,PB510,49.044333,3.436222,0,BT,0.0,0.0,225.0,0,0,0,0,0,0,0,0
CF,CD25A,48.961064,2.742781,0,BT,94.0,11.4,274.0,1.0,2,3000,0,0,0,0,1,0

FINAL,D25-A,25,D,3
IF,CD25A,48.961064,2.742781,BT,94.0,11.4,2,3000,0,0,0,0,0,0
CF,FD25A,48.964711,2.667106,0,BT,94.0,8.4,274.0,3.0,2,3000,0,0,0,0,2,0
CF,BT,48.974667,2.455167,0,BT,0.0,0.0,274.0,8.4,1,364,0,0,0,0,3,0
CA,0,274.0,2,620,0,0,0,0,0,0
CF,D253F,48.945361,2.310097,0,BT,253.0,6.0,253.0,6.0,1,2000,0,0,0,0,0,1
CI,0, ,0.0,284.0,0,0,0,0,0,0,0,0
CF,D134H,49.002686,2.180428,0,BT,278.9,11.0,314.0,6.3,1,3000,0,0,0,0,0,0
CF,PON,49.096083,2.035889,0,BT,293.9,18.1,314.0,8.0,1,7000,0,0,0,0,0,1
DF,MOPAR,49.291722,1.757278,0, ,0.0,0.0,0,0,0,0,0,0,0,0

APPTR,I27,27,BAN4W
IF,BANOX,48.574194,1.505500, ,0.0,0.0,1,7000,0,1,250,0,1,0
TF,PB502,48.759250,1.774778,0, ,0.0,0.0,0.0,0.0,0,0,0,0,0,0,0,0
TF,PB504,48.776806,2.226250,0, ,0.0,0.0,0.0,0.0,0,0,0,0,0,0,0,0
TF,PB506,48.824667,2.485694,0, ,0.0,0.0,0.0,0.0,0,0,0,0,0,0,0,0
FM,PB506,48.824667,2.485694,0,BT,0.0,0.0,74.0,0,0,0,0,0,0,0,0
CF,CF27,48.980528,2.736278,1,RGE,85.2,12.6,265.0,1.0,2,3000,0,0,0,0,1,0

APPTR,I27,27,MOB4W
IF,MOBRO,49.455444,1.606444, ,0.0,0.0,1,7000,0,1,250,0,1,0
TF,BVS,49.436361,2.153194,0, ,0.0,0.0,0.0,0.0,0,0,0,0,0,0,0,0
TF,PG528,49.358611,2.533611,0, ,0.0,0.0,0.0,0.0,0,0,0,0,0,0,0,0
FM,PG528,49.358611,2.533611,0,BT,0.0,0.0,107.0,0,0,0,0,0,0,0,0
CF,CF27,48.980528,2.736278,2,RGE,85.2,12.6,265.0,1.0,2,3000,0,0,0,0,1,0

APPTR,I27,27,OKA4W
IF,OKABO,48.549389,3.490389, ,0.0,0.0,1,7000,0,1,250,0,1,0
TF,DOBIK,48.613833,3.387111,0, ,0.0,0.0,0.0,0.0,0,0,0,0,0,0,0,0
TF,LIRSO,48.710222,3.332167,0, ,0.0,0.0,0.0,0.0,0,0,0,0,0,0,0,0
TF,PB508,48.790611,3.261750,0, ,0.0,0.0,0.0,0.0,0,0,0,0,0,0,0,0
FM,PB508,48.790611,3.261750,0,BT,0.0,0.0,330.0,0,0,0,0,0,0,0,0
CF,CF27,48.980528,2.736278,0,RGE,85.2,12.6,265.0,1.0,2,3000,0,0,0,0,1,0

APPTR,I27,27,VEB4W
IF,VEBEK,49.268611,3.683056, ,0.0,0.0,1,11000,0,1,250,0,1,0
TF,CTL,49.137750,3.577694,0, ,0.0,0.0,0.0,0.0,0,0,0,0,0,0,0,0
TF,PB510,49.044333,3.436222,0, ,0.0,0.0,0.0,0.0,0,0,0,0,0,0,0,0
FM,PB510,49.044333,3.436222,0,BT,0.0,0.0,225.0,0,0,0,0,0,0,0,0
CF,CF27,48.980528,2.736278,0,RGE,85.2,12.6,265.0,1.0,2,3000,0,0,0,0,1,0

FINAL,I27,27,I,3
IF,CF27,48.980528,2.736278,RGE,85.2,12.6,2,3000,0,0,0,0,0,0
CF,FF27,48.976583,2.660611,0,RGE,85.2,9.6,265.0,3.0,1,3000,0,0,0,0,2,0
CF,RW27,48.965058,2.445631,0,RGE,85.2,1.1,265.0,8.5,1,220,0,0,0,0,3,0
CF,D265C,48.962231,2.395719,0,BT,252.4,2.5,265.0,2.0,1,1000,0,0,0,0,0,1
CF,D253F,48.945361,2.310097,0,BT,253.0,6.0,253.0,3.5,1,2000,0,0,0,0,0,1
CI,0, ,0.0,284.0,0,0,0,0,0,0,0,0
CF,D134H,49.002686,2.180428,0,BT,278.9,11.0,314.0,6.3,1,3000,0,0,0,0,0,0
CF,PON,49.096083,2.035889,0,BT,293.9,18.1,314.0,8.0,1,7000,0,0,0,0,0,1
DF,MOPAR,49.291722,1.757278,0, ,0.0,0.0,0,0,0,0,0,0,0,0

APPTR,L07,07,BAN4E
IF,BANOX,48.574194,1.505500, ,0.0,0.0,1,9000,0,1,250,0,1,0
TF,SUBOX,48.749722,1.635278,0, ,0.0,0.0,0.0,0.0,0,0,0,0,0,0,0,0
TF,PB501,48.781861,1.751500,0, ,0.0,0.0,0.0,0.0,0,0,0,0,0,0,0,0
FM,PB501,48.781861,1.751500,0,BT,0.0,0.0,67.0,0,0,0,0,0,0,0,0
CF,CF07,48.891861,2.153556,0,LBG,247.9,13.1,68.0,1.0,2,3000,0,0,0,0,0,0

APPTR,L07,07,KOL4E
IF,KOLIV,49.299972,1.570556, ,0.0,0.0,1,7000,0,1,250,0,1,0
TF,PB503,49.126917,1.685194,0, ,0.0,0.0,0.0,0.0,0,0,0,0,0,0,0,0
FM,PB503,49.126917,1.685194,0,BT,0.0,0.0,156.0,0,0,0,0,0,0,0,0
CF,CF07,48.891861,2.153556,0,LBG,247.9,13.1,68.0,10.0,2,3000,0,0,0,0,0,0

APPTR,L07,07,OKA4E
IF,OKABO,48.549389,3.490389, ,0.0,0.0,1,7000,0,1,250,0,1,0
TF,CLM,48.844639,3.013861,0, ,0.0,0.0,0.0,0.0,0,0,0,0,0,0,0,0
TF,PB500,48.821694,2.586417,0, ,0.0,0.0,0.0,0.0,0,0,0,0,0,0,0,0
TF,PB505,48.814667,2.460750,0, ,0.0,0.0,0.0,0.0,0,0,0,0,0,0,0,0
FM,PB505,48.814667,2.460750,0,BT,0.0,0.0,265.0,0,0,0,0,0,0,0,0
CF,CF07,48.891861,2.153556,2,LBG,247.9,13.1,68.0,1.0,2,3000,0,0,0,0,0,0

APPTR,L07,07,VEB4E
IF,VEBEK,49.268611,3.683056, ,0.0,0.0,1,11000,0,1,280,0,1,0
TF,LARPO,49.108278,2.589611,0, ,0.0,0.0,0.0,0.0,0,0,0,0,0,0,0,0
TF,PG502,49.104611,2.386861,0, ,0.0,0.0,0.0,0.0,0,0,0,0,0,0,0,0
FM,PG502,49.104611,2.386861,0,BT,0.0,0.0,268.0,0,0,0,0,0,0,0,0
CF,CF07,48.891861,2.153556,1,LBG,247.9,13.1,68.0,1.0,2,3000,0,0,0,0,0,0

FINAL,L07,07,D,4
IF,CF07,48.891861,2.153556,LBG,247.9,13.1,2,3000,0,0,0,0,0,0
CF,FF07,48.910861,2.223667,0,LBG,247.9,10.1,68.0,3.0,2,3000,0,0,0,0,2,0
CF,50LO2,48.934678,2.311789,0,LBG,247.9,6.3,68.0,3.7,2,1770,0,0,0,0,0,0
CF,ML07,48.959536,2.404269,0,LBG,247.9,2.4,68.0,4.0,1,483,0,0,0,0,3,0
CA,0,68.0,2,620,0,0,0,0,0,0
CI,0, ,0.0,83.0,0,0,0,1,185,0,0,0
CF,D144C,48.933294,2.500778,0,CLM,284.9,21.0,144.0,3.0,1,700,0,0,0,0,0,0
CI,0, ,0.0,144.0,0,0,0,0,0,0,0,0
CF,D281B,48.850350,2.969272,0,CLM,281.0,1.8,101.0,19.0,0,0,0,0,0,0,0,1
CF,D026K,48.998753,3.128139,0,CLM,26.0,10.3,26.0,11.0,1,3000,0,0,0,0,0,0
CF,LORNI,49.419417,3.451389,0,CLM,26.4,38.6,26.0,28.3,1,7000,0,0,0,0,0,0

APPTR,L25-A,25,BAN4W
IF,BANOX,48.574194,1.505500, ,0.0,0.0,1,7000,0,1,250,0,1,0
TF,PB502,48.759250,1.774778,0, ,0.0,0.0,0.0,0.0,0,0,0,0,0,0,0,0
TF,PB504,48.776806,2.226250,0, ,0.0,0.0,0.0,0.0,0,0,0,0,0,0,0,0
TF,PB506,48.824667,2.485694,0, ,0.0,0.0,0.0,0.0,0,0,0,0,0,0,0,0
FM,PB506,48.824667,2.485694,0,BT,0.0,0.0,74.0,0,0,0,0,0,0,0,0
CF,CL25A,48.961231,2.742842,1,LBW,94.0,11.8,274.0,1.0,2,3000,0,0,0,0,1,0

APPTR,L25-A,25,MOB4W
IF,MOBRO,49.455444,1.606444, ,0.0,0.0,1,7000,0,1,250,0,1,0
TF,BVS,49.436361,2.153194,0, ,0.0,0.0,0.0,0.0,0,0,0,0,0,0,0,0
TF,PG528,49.358611,2.533611,0, ,0.0,0.0,0.0,0.0,0,0,0,0,0,0,0,0
FM,PG528,49.358611,2.533611,0,BT,0.0,0.0,107.0,0,0,0,0,0,0,0,0
CF,CL25A,48.961231,2.742842,2,LBW,94.0,11.8,274.0,1.0,2,3000,0,0,0,0,1,0

APPTR,L25-A,25,OKA4W
IF,OKABO,48.549389,3.490389, ,0.0,0.0,1,7000,0,1,250,0,1,0
TF,DOBIK,48.613833,3.387111,0, ,0.0,0.0,0.0,0.0,0,0,0,0,0,0,0,0
TF,LIRSO,48.710222,3.332167,0, ,0.0,0.0,0.0,0.0,0,0,0,0,0,0,0,0
TF,PB508,48.790611,3.261750,0, ,0.0,0.0,0.0,0.0,0,0,0,0,0,0,0,0
FM,PB508,48.790611,3.261750,0,BT,0.0,0.0,330.0,0,0,0,0,0,0,0,0
CF,CL25A,48.961231,2.742842,0,LBW,94.0,11.8,274.0,1.0,2,3000,0,0,0,0,1,0

APPTR,L25-A,25,VEB4W
IF,VEBEK,49.268611,3.683056, ,0.0,0.0,1,11000,0,1,250,0,1,0
TF,CTL,49.137750,3.577694,0, ,0.0,0.0,0.0,0.0,0,0,0,0,0,0,0,0
TF,PB510,49.044333,3.436222,0, ,0.0,0.0,0.0,0.0,0,0,0,0,0,0,0,0
FM,PB510,49.044333,3.436222,0,BT,0.0,0.0,225.0,0,0,0,0,0,0,0,0
CF,CL25A,48.961231,2.742842,0,LBW,94.0,11.8,274.0,1.0,2,3000,0,0,0,0,1,0

FINAL,L25-A,25,D,3
IF,CL25A,48.961231,2.742842,LBW,94.0,11.8,2,3000,0,0,0,0,0,0
CF,FL25A,48.964883,2.667169,0,LBW,94.0,8.8,274.0,3.0,2,3000,0,0,0,0,2,0
CF,BT,48.974667,2.455167,0,LBW,95.7,0.4,274.0,8.4,1,364,0,0,0,0,3,0
CA,0,274.0,2,620,0,0,0,0,0,0
CF,D253F,48.945361,2.310097,0,BT,253.0,6.0,253.0,6.0,1,2000,0,0,0,0,0,1
CI,0, ,0.0,284.0,0,0,0,0,0,0,0,0
CF,D134H,49.002686,2.180428,0,BT,278.9,11.0,314.0,6.3,1,3000,0,0,0,0,0,0
CF,PON,49.096083,2.035889,0,BT,293.9,18.1,314.0,8.0,1,7000,0,0,0,0,0,1
DF,MOPAR,49.291722,1.757278,0, ,0.0,0.0,0,0,0,0,0,0,0,0

APPTR,R07,07,BAN4E
IF,BANOX,48.574194,1.505500, ,0.0,0.0,1,9000,0,1,250,0,1,0
TF,SUBOX,48.749722,1.635278,0, ,0.0,0.0,0.0,0.0,0,0,0,0,0,0,0,0
TF,PB501,48.781861,1.751500,0, ,0.0,0.0,0.0,0.0,0,0,0,0,0,0,0,0
FM,PB501,48.781861,1.751500,0,BT,0.0,0.0,67.0,0,0,0,0,0,0,0,0
CF,PB407,48.885722,2.131028,0,BT,247.5,13.9,68.0,1.0,2,3000,0,0,0,0,0,0

APPTR,R07,07,KOL4E
IF,KOLIV,49.299972,1.570556, ,0.0,0.0,1,7000,0,1,250,0,1,0
TF,PB503,49.126917,1.685194,0, ,0.0,0.0,0.0,0.0,0,0,0,0,0,0,0,0
FM,PB503,49.126917,1.685194,0,BT,0.0,0.0,156.0,0,0,0,0,0,0,0,0
CF,PB407,48.885722,2.131028,0,BT,247.5,13.9,68.0,10.0,2,3000,0,0,0,0,0,0

APPTR,R07,07,OKA4E
IF,OKABO,48.549389,3.490389, ,0.0,0.0,1,7000,0,1,250,0,1,0
TF,CLM,48.844639,3.013861,0, ,0.0,0.0,0.0,0.0,0,0,0,0,0,0,0,0
TF,PB500,48.821694,2.586417,0, ,0.0,0.0,0.0,0.0,0,0,0,0,0,0,0,0
TF,PB505,48.814667,2.460750,0, ,0.0,0.0,0.0,0.0,0,0,0,0,0,0,0,0
FM,PB505,48.814667,2.460750,0,BT,0.0,0.0,265.0,0,0,0,0,0,0,0,0
CF,PB407,48.885722,2.131028,2,BT,247.5,13.9,68.0,1.0,2,3000,0,0,0,0,0,0

APPTR,R07,07,VEB4E
IF,VEBEK,49.268611,3.683056, ,0.0,0.0,1,11000,0,1,280,0,1,0
TF,LARPO,49.108278,2.589611,0, ,0.0,0.0,0.0,0.0,0,0,0,0,0,0,0,0
TF,PG502,49.104611,2.386861,0, ,0.0,0.0,0.0,0.0,0,0,0,0,0,0,0,0
FM,PG502,49.104611,2.386861,0,BT,0.0,0.0,268.0,0,0,0,0,0,0,0,0
CF,PB407,48.885722,2.131028,1,BT,247.5,13.9,68.0,1.0,2,3000,0,0,0,0,0,0

FINAL,R07,07,G,3
IF,PB407,48.885722,2.131028, ,0.0,0.0,2,3000,0,0,0,0,0,0
TF,PB408,48.909500,2.218694,0, ,0.0,0.0,68.0,3.7,1,3000,0,0,0,0,2,0
TF,RW07,48.964850,2.424064,0, ,0.0,0.0,68.0,8.8,1,205,0,1,185,0,3,1
TF,NM155,48.947381,2.517672,0, ,0.0,0.0,0.0,0.0,1,730,0,1,185,0,0,0
TF,PB409,48.881194,2.896222,0, ,0.0,0.0,0.0,0.0,1,3000,0,0,0,0,0,0
TF,NM27,49.047306,3.065986,0, ,0.0,0.0,0.0,0.0,1,3000,0,0,0,0,0,0
TF,LORNI,49.419417,3.451389,0, ,0.0,0.0,0.0,0.0,1,7000,0,0,0,0,0,0

APPTR,R25,25,BAN4W
IF,BANOX,48.574194,1.505500, ,0.0,0.0,1,7000,0,1,250,0,1,0
TF,PB502,48.759250,1.774778,0, ,0.0,0.0,0.0,0.0,0,0,0,0,0,0,0,0
TF,PB504,48.776806,2.226250,0, ,0.0,0.0,0.0,0.0,0,0,0,0,0,0,0,0
TF,PB506,48.824667,2.485694,0, ,0.0,0.0,0.0,0.0,0,0,0,0,0,0,0,0
FM,PB506,48.824667,2.485694,0,BT,0.0,0.0,74.0,0,0,0,0,0,0,0,0
CF,PB425,48.962611,2.743278,1,BT,93.5,11.4,274.0,1.0,2,3000,0,0,0,0,1,0

APPTR,R25,25,MOB4W
IF,MOBRO,49.455444,1.606444, ,0.0,0.0,1,7000,0,1,250,0,1,0
TF,BVS,49.436361,2.153194,0, ,0.0,0.0,0.0,0.0,0,0,0,0,0,0,0,0
TF,PG528,49.358611,2.533611,0, ,0.0,0.0,0.0,0.0,0,0,0,0,0,0,0,0
FM,PG528,49.358611,2.533611,0,BT,0.0,0.0,107.0,0,0,0,0,0,0,0,0
CF,PB425,48.962611,2.743278,2,BT,93.5,11.4,274.0,1.0,2,3000,0,0,0,0,1,0

APPTR,R25,25,OKA4W
IF,OKABO,48.549389,3.490389, ,0.0,0.0,1,7000,0,1,250,0,1,0
TF,DOBIK,48.613833,3.387111,0, ,0.0,0.0,0.0,0.0,0,0,0,0,0,0,0,0
TF,LIRSO,48.710222,3.332167,0, ,0.0,0.0,0.0,0.0,0,0,0,0,0,0,0,0
TF,PB508,48.790611,3.261750,0, ,0.0,0.0,0.0,0.0,0,0,0,0,0,0,0,0
FM,PB508,48.790611,3.261750,0,BT,0.0,0.0,330.0,0,0,0,0,0,0,0,0
CF,PB425,48.962611,2.743278,0,BT,93.5,11.4,274.0,1.0,2,3000,0,0,0,0,1,0

APPTR,R25,25,VEB4W
IF,VEBEK,49.268611,3.683056, ,0.0,0.0,1,11000,0,1,250,0,1,0
TF,CTL,49.137750,3.577694,0, ,0.0,0.0,0.0,0.0,0,0,0,0,0,0,0,0
TF,PB510,49.044333,3.436222,0, ,0.0,0.0,0.0,0.0,0,0,0,0,0,0,0,0
FM,PB510,49.044333,3.436222,0,BT,0.0,0.0,225.0,0,0,0,0,0,0,0,0
CF,PB425,48.962611,2.743278,0,BT,93.5,11.4,274.0,1.0,2,3000,0,0,0,0,1,0

FINAL,R25,25,G,3
IF,PB425,48.962611,2.743278, ,0.0,0.0,2,3000,0,0,0,0,0,0
TF,PB426,48.966028,2.664944,0, ,0.0,0.0,274.0,3.1,1,3000,0,0,0,0,2,0
TF,PB430,48.973922,2.472078,0, ,0.0,0.0,274.0,7.7,1,559,0,0,0,0,3,1
TF,PB431,48.938944,2.278556,0, ,0.0,0.0,0.0,0.0,1,2000,0,1,185,0,0,0
TF,D134H,49.002686,2.180428,0, ,0.0,0.0,0.0,0.0,1,2000,0,0,0,0,0,0
TF,PON,49.096083,2.035889,0, ,0.0,0.0,0.0,0.0,1,7000,0,0,0,0,0,0
TF,MOPAR,49.291722,1.757278,0, ,0.0,0.0,0.0,0.0,1,7000,0,0,0,0,0,0

APPTR,R27,27,BAN4W
IF,BANOX,48.574194,1.505500, ,0.0,0.0,1,7000,0,1,250,0,1,0
TF,PB502,48.759250,1.774778,0, ,0.0,0.0,0.0,0.0,0,0,0,0,0,0,0,0
TF,PB504,48.776806,2.226250,0, ,0.0,0.0,0.0,0.0,0,0,0,0,0,0,0,0
TF,PB506,48.824667,2.485694,0, ,0.0,0.0,0.0,0.0,0,0,0,0,0,0,0,0
FM,PB506,48.824667,2.485694,0,BT,0.0,0.0,74.0,0,0,0,0,0,0,0,0
CF,INRUN,48.997833,3.079000,1,BT,86.5,24.7,266.0,1.0,2,3000,0,0,0,0,0,0
TF,NEGUR,48.991528,2.951667,0, ,0.0,0.0,0.0,0.0,2,3000,0,0,0,0,1,0

APPTR,R27,27,MOB4W
IF,MOBRO,49.455444,1.606444, ,0.0,0.0,1,7000,0,1,250,0,1,0
TF,BVS,49.436361,2.153194,0, ,0.0,0.0,0.0,0.0,0,0,0,0,0,0,0,0
TF,PG528,49.358611,2.533611,0, ,0.0,0.0,0.0,0.0,0,0,0,0,0,0,0,0
FM,PG528,49.358611,2.533611,0,BT,0.0,0.0,107.0,0,0,0,0,0,0,0,0
CF,INRUN,48.997833,3.079000,2,BT,86.5,24.7,266.0,1.0,2,3000,0,0,0,0,0,0
TF,NEGUR,48.991528,2.951667,0, ,0.0,0.0,0.0,0.0,2,3000,0,0,0,0,1,0

APPTR,R27,27,OKA4W
IF,OKABO,48.549389,3.490389, ,0.0,0.0,1,7000,0,1,250,0,1,0
TF,DOBIK,48.613833,3.387111,0, ,0.0,0.0,0.0,0.0,0,0,0,0,0,0,0,0
TF,LIRSO,48.710222,3.332167,0, ,0.0,0.0,0.0,0.0,0,0,0,0,0,0,0,0
TF,PB508,48.790611,3.261750,0, ,0.0,0.0,0.0,0.0,0,0,0,0,0,0,0,0
FM,PB508,48.790611,3.261750,0,BT,0.0,0.0,330.0,0,0,0,0,0,0,0,0
CF,INRUN,48.997833,3.079000,0,BT,86.5,24.7,266.0,1.0,2,3000,0,0,0,0,0,0
TF,NEGUR,48.991528,2.951667,0, ,0.0,0.0,0.0,0.0,2,3000,0,0,0,0,1,0

APPTR,R27,27,VEB4W
IF,VEBEK,49.268611,3.683056, ,0.0,0.0,1,11000,0,1,250,0,1,0
TF,CTL,49.137750,3.577694,0, ,0.0,0.0,0.0,0.0,0,0,0,0,0,0,0,0
TF,PB510,49.044333,3.436222,0, ,0.0,0.0,0.0,0.0,0,0,0,0,0,0,0,0
FM,PB510,49.044333,3.436222,0,BT,0.0,0.0,225.0,0,0,0,0,0,0,0,0
CF,INRUN,48.997833,3.079000,0,BT,86.5,24.7,266.0,1.0,2,3000,0,0,0,0,0,0
TF,NEGUR,48.991528,2.951667,0, ,0.0,0.0,0.0,0.0,2,3000,0,0,0,0,1,0

FINAL,R27,27,G,3
IF,NEGUR,48.991528,2.951667, ,0.0,0.0,2,3000,0,0,0,0,0,0
TF,FPB27,48.976833,2.665694,0, ,0.0,0.0,265.0,11.3,1,3000,0,0,0,0,2,0
TF,RW27,48.965058,2.445631,0, ,0.0,0.0,265.0,8.7,1,220,0,0,0,0,3,1
TF,PB433,48.961889,2.387972,0, ,0.0,0.0,0.0,0.0,3,1000,0,1,185,0,0,0
TF,PB434,48.940250,2.273722,0, ,0.0,0.0,0.0,0.0,3,3000,0,0,0,0,0,0
TF,PB435,49.002111,2.179556,0, ,0.0,0.0,0.0,0.0,3,7000,0,0,0,0,0,0
TF,PON,49.096083,2.035889,0, ,0.0,0.0,0.0,0.0,3,7000,0,0,0,0,0,0
TF,MOPAR,49.291722,1.757278,0, ,0.0,0.0,0.0,0.0,3,7000,0,0,0,0,0,0

