SID,BLA5L,35L,5
CA,0,348.0,2,1160,0,0,0,0,0,0
CA,0,340.0,2,1200,0,0,0,0,0,0
CF,MC623,45.679617,8.689956,0,MMP,320.0,3.0,320.0,1.0,2,1800,0,1,210,0,0,0
TF,MC624,45.718442,8.645011,0, ,0.0,0.0,0.0,0.0,2,3000,0,0,0,0,0,0
TF,MC628,45.748081,8.610550,0, ,0.0,0.0,0.0,0.0,0,0,0,0,0,0,0,0
TF,NELAB,45.628333,8.406667,1, ,0.0,0.0,0.0,0.0,0,0,0,1,220,0,0,0
TF,BLA,45.494222,8.100583,0, ,0.0,0.0,0.0,0.0,2,12000,0,0,0,0,0,1

SID,BLA5L,ABE5V,6
IF,BLA,45.494222,8.100583, ,0.0,0.0,2,12000,0,0,0,0,0,0
TF,MC512,45.443706,8.006261,0, ,0.0,0.0,0.0,0.0,2,13500,0,0,0,0,0,1
VI,2, ,0.0,44.0,0,0,0,0,0,0,0,0
CF,MC516,45.634608,8.287386,0,SRN,268.0,30.9,89.0,9.0,0,0,0,0,0,0,0,0
TF,ABESI,46.159722,9.042778,0, ,0.0,0.0,0.0,0.0,2,15000,0,0,0,0,0,0

SID,BLA5L,AOS5M,6
IF,BLA,45.494222,8.100583, ,0.0,0.0,2,12000,0,0,0,0,0,0
TF,MC512,45.443706,8.006261,0, ,0.0,0.0,0.0,0.0,2,13500,0,0,0,0,0,0
TF,MC504,45.322275,7.780819,0, ,0.0,0.0,0.0,0.0,2,15000,0,0,0,0,0,1
VI,0, ,0.0,294.0,0,0,0,0,0,0,0,0
CF,MC506,45.469653,7.517842,0,CSL,338.7,16.0,339.0,8.0,2,18000,0,0,0,0,0,0
TF,AOSTA,45.796389,7.345833,0, ,0.0,0.0,0.0,0.0,2,19000,0,0,0,0,0,0

SID,BLA5L,AOS5V,6
IF,BLA,45.494222,8.100583, ,0.0,0.0,2,12000,0,0,0,0,0,0
TF,MC507,45.545231,7.978200,0, ,0.0,0.0,0.0,0.0,2,14500,0,0,0,0,0,0
TF,MC508,45.647042,7.733047,0, ,0.0,0.0,0.0,0.0,2,18000,0,0,0,0,0,0
TF,AOSTA,45.796389,7.345833,0, ,0.0,0.0,0.0,0.0,2,19000,0,0,0,0,0,0

SID,BLA5L,CAN5V,6
IF,BLA,45.494222,8.100583, ,0.0,0.0,2,12000,0,0,0,0,0,0
TF,MC512,45.443706,8.006261,0, ,0.0,0.0,0.0,0.0,2,13500,0,0,0,0,0,1
VI,2, ,0.0,44.0,0,0,0,0,0,0,0,0
CF,MC514,45.634025,8.256372,0,SRN,268.0,32.2,89.0,7.0,0,0,0,0,0,0,0,0
TF,CANNE,46.166667,8.881111,0, ,0.0,0.0,0.0,0.0,2,15000,0,0,0,0,0,0

SID,BLA5M,35L,5
CA,0,348.0,2,1160,0,0,0,0,0,0
CA,0,340.0,2,1200,0,0,0,0,0,0
CF,MC622,45.673542,8.681044,0,MMP,310.0,3.0,310.0,1.0,2,1800,0,1,210,0,0,0
TF,MC626,45.706303,8.627161,0, ,0.0,0.0,0.0,0.0,2,3100,0,0,0,0,0,0
TF,MC629,45.732494,8.583889,0, ,0.0,0.0,0.0,0.0,0,0,0,0,0,0,0,0
TF,NELAB,45.628333,8.406667,0, ,0.0,0.0,0.0,0.0,0,0,0,1,220,0,0,0
TF,BLA,45.494222,8.100583,0, ,0.0,0.0,0.0,0.0,2,12000,0,0,0,0,0,1

SID,BLA5M,ABE5V,6
IF,BLA,45.494222,8.100583, ,0.0,0.0,2,12000,0,0,0,0,0,0
TF,MC512,45.443706,8.006261,0, ,0.0,0.0,0.0,0.0,2,13500,0,0,0,0,0,1
VI,2, ,0.0,44.0,0,0,0,0,0,0,0,0
CF,MC516,45.634608,8.287386,0,SRN,268.0,30.9,89.0,9.0,0,0,0,0,0,0,0,0
TF,ABESI,46.159722,9.042778,0, ,0.0,0.0,0.0,0.0,2,15000,0,0,0,0,0,0

SID,BLA5M,AOS5M,6
IF,BLA,45.494222,8.100583, ,0.0,0.0,2,12000,0,0,0,0,0,0
TF,MC512,45.443706,8.006261,0, ,0.0,0.0,0.0,0.0,2,13500,0,0,0,0,0,0
TF,MC504,45.322275,7.780819,0, ,0.0,0.0,0.0,0.0,2,15000,0,0,0,0,0,1
VI,0, ,0.0,294.0,0,0,0,0,0,0,0,0
CF,MC506,45.469653,7.517842,0,CSL,338.7,16.0,339.0,8.0,2,18000,0,0,0,0,0,0
TF,AOSTA,45.796389,7.345833,0, ,0.0,0.0,0.0,0.0,2,19000,0,0,0,0,0,0

SID,BLA5M,AOS5V,6
IF,BLA,45.494222,8.100583, ,0.0,0.0,2,12000,0,0,0,0,0,0
TF,MC507,45.545231,7.978200,0, ,0.0,0.0,0.0,0.0,2,14500,0,0,0,0,0,0
TF,MC508,45.647042,7.733047,0, ,0.0,0.0,0.0,0.0,2,18000,0,0,0,0,0,0
TF,AOSTA,45.796389,7.345833,0, ,0.0,0.0,0.0,0.0,2,19000,0,0,0,0,0,0

SID,BLA5M,CAN5V,6
IF,BLA,45.494222,8.100583, ,0.0,0.0,2,12000,0,0,0,0,0,0
TF,MC512,45.443706,8.006261,0, ,0.0,0.0,0.0,0.0,2,13500,0,0,0,0,0,1
VI,2, ,0.0,44.0,0,0,0,0,0,0,0,0
CF,MC514,45.634025,8.256372,0,SRN,268.0,32.2,89.0,7.0,0,0,0,0,0,0,0,0
TF,CANNE,46.166667,8.881111,0, ,0.0,0.0,0.0,0.0,2,15000,0,0,0,0,0,0

SID,BLA5S,35L,5
CA,0,348.0,2,1160,0,0,0,0,0,0
CA,0,340.0,2,1200,0,0,0,0,0,0
CI,1, ,0.0,250.0,0,0,0,0,0,0,0,0
CF,MC627,45.669175,8.524994,0,MMP,280.0,9.0,280.0,7.0,2,4500,0,1,200,0,0,0
TF,MC631,45.674528,8.484964,0, ,0.0,0.0,0.0,0.0,0,0,0,0,0,0,0,0
TF,NELAB,45.628333,8.406667,0, ,0.0,0.0,0.0,0.0,0,0,0,1,210,0,0,0
TF,BLA,45.494222,8.100583,0, ,0.0,0.0,0.0,0.0,2,12000,0,0,0,0,0,1

SID,BLA5S,ABE5V,6
IF,BLA,45.494222,8.100583, ,0.0,0.0,2,12000,0,0,0,0,0,0
TF,MC512,45.443706,8.006261,0, ,0.0,0.0,0.0,0.0,2,13500,0,0,0,0,0,1
VI,2, ,0.0,44.0,0,0,0,0,0,0,0,0
CF,MC516,45.634608,8.287386,0,SRN,268.0,30.9,89.0,9.0,0,0,0,0,0,0,0,0
TF,ABESI,46.159722,9.042778,0, ,0.0,0.0,0.0,0.0,2,15000,0,0,0,0,0,0

SID,BLA5S,AOS5M,6
IF,BLA,45.494222,8.100583, ,0.0,0.0,2,12000,0,0,0,0,0,0
TF,MC512,45.443706,8.006261,0, ,0.0,0.0,0.0,0.0,2,13500,0,0,0,0,0,0
TF,MC504,45.322275,7.780819,0, ,0.0,0.0,0.0,0.0,2,15000,0,0,0,0,0,1
VI,0, ,0.0,294.0,0,0,0,0,0,0,0,0
CF,MC506,45.469653,7.517842,0,CSL,338.7,16.0,339.0,8.0,2,18000,0,0,0,0,0,0
TF,AOSTA,45.796389,7.345833,0, ,0.0,0.0,0.0,0.0,2,19000,0,0,0,0,0,0

SID,BLA5S,AOS5V,6
IF,BLA,45.494222,8.100583, ,0.0,0.0,2,12000,0,0,0,0,0,0
TF,MC507,45.545231,7.978200,0, ,0.0,0.0,0.0,0.0,2,14500,0,0,0,0,0,0
TF,MC508,45.647042,7.733047,0, ,0.0,0.0,0.0,0.0,2,18000,0,0,0,0,0,0
TF,AOSTA,45.796389,7.345833,0, ,0.0,0.0,0.0,0.0,2,19000,0,0,0,0,0,0

SID,BLA5S,CAN5V,6
IF,BLA,45.494222,8.100583, ,0.0,0.0,2,12000,0,0,0,0,0,0
TF,MC512,45.443706,8.006261,0, ,0.0,0.0,0.0,0.0,2,13500,0,0,0,0,0,1
VI,2, ,0.0,44.0,0,0,0,0,0,0,0,0
CF,MC514,45.634025,8.256372,0,SRN,268.0,32.2,89.0,7.0,0,0,0,0,0,0,0,0
TF,CANNE,46.166667,8.881111,0, ,0.0,0.0,0.0,0.0,2,15000,0,0,0,0,0,0

SID,BLA5X,17L,2
CA,0,168.0,2,1170,0,0,0,0,0,0
FA,MMP,45.640778,8.734833,0,MMP,0.0,0.0,179.0,2,1500,0,0,0,0,0,0
CF,BLA,45.494222,8.100583,2,BLA,0.0,0.0,263.0,25.0,2,12000,0,1,240,0,0,0

SID,BLA5X,17R,2
CA,0,168.0,2,1170,0,0,0,0,0,0
FA,MMP,45.640778,8.734833,0,MMP,0.0,0.0,179.0,2,1500,0,0,0,0,0,0
CF,BLA,45.494222,8.100583,2,BLA,0.0,0.0,263.0,25.0,2,12000,0,1,240,0,0,0

SID,BLA5X,AOS5M,3
IF,BLA,45.494222,8.100583, ,0.0,0.0,2,12000,0,0,0,0,0,0
TF,MC512,45.443706,8.006261,0, ,0.0,0.0,0.0,0.0,2,13500,0,0,0,0,0,0
TF,MC504,45.322275,7.780819,0, ,0.0,0.0,0.0,0.0,2,15000,0,0,0,0,0,1
VI,0, ,0.0,294.0,0,0,0,0,0,0,0,0
CF,MC506,45.469653,7.517842,0,CSL,338.7,16.0,339.0,8.0,2,18000,0,0,0,0,0,0
TF,AOSTA,45.796389,7.345833,0, ,0.0,0.0,0.0,0.0,2,19000,0,0,0,0,0,0

SID,BLA5X,AOS5V,3
IF,BLA,45.494222,8.100583, ,0.0,0.0,2,12000,0,0,0,0,0,0
TF,MC507,45.545231,7.978200,0, ,0.0,0.0,0.0,0.0,2,14500,0,0,0,0,0,0
TF,MC508,45.647042,7.733047,0, ,0.0,0.0,0.0,0.0,2,18000,0,0,0,0,0,0
TF,AOSTA,45.796389,7.345833,0, ,0.0,0.0,0.0,0.0,2,19000,0,0,0,0,0,0

SID,BLA6C,35L,2
CA,0,340.0,2,1200,0,0,0,0,0,0
CI,0, ,0.0,250.0,0,0,0,0,0,0,0,0
CF,D280I,45.669200,8.524858,0,MMP,280.0,9.0,280.0,7.0,2,4500,0,0,0,0,0,1
CF,NELAB,45.628333,8.406667,0,BLA,56.9,15.2,237.0,5.0,2,7000,0,0,0,0,0,0
TF,BLA,45.494222,8.100583,0, ,0.0,0.0,0.0,0.0,2,12000,0,0,0,0,0,1

SID,BLA6C,ABE5V,3
IF,BLA,45.494222,8.100583, ,0.0,0.0,2,12000,0,0,0,0,0,0
TF,MC512,45.443706,8.006261,0, ,0.0,0.0,0.0,0.0,2,13500,0,0,0,0,0,1
VI,2, ,0.0,44.0,0,0,0,0,0,0,0,0
CF,MC516,45.634608,8.287386,0,SRN,268.0,30.9,89.0,9.0,0,0,0,0,0,0,0,0
TF,ABESI,46.159722,9.042778,0, ,0.0,0.0,0.0,0.0,2,15000,0,0,0,0,0,0

SID,BLA6C,AOS5M,3
IF,BLA,45.494222,8.100583, ,0.0,0.0,2,12000,0,0,0,0,0,0
TF,MC512,45.443706,8.006261,0, ,0.0,0.0,0.0,0.0,2,13500,0,0,0,0,0,0
TF,MC504,45.322275,7.780819,0, ,0.0,0.0,0.0,0.0,2,15000,0,0,0,0,0,1
VI,0, ,0.0,294.0,0,0,0,0,0,0,0,0
CF,MC506,45.469653,7.517842,0,CSL,338.7,16.0,339.0,8.0,2,18000,0,0,0,0,0,0
TF,AOSTA,45.796389,7.345833,0, ,0.0,0.0,0.0,0.0,2,19000,0,0,0,0,0,0

SID,BLA6C,AOS5V,3
IF,BLA,45.494222,8.100583, ,0.0,0.0,2,12000,0,0,0,0,0,0
TF,MC507,45.545231,7.978200,0, ,0.0,0.0,0.0,0.0,2,14500,0,0,0,0,0,0
TF,MC508,45.647042,7.733047,0, ,0.0,0.0,0.0,0.0,2,18000,0,0,0,0,0,0
TF,AOSTA,45.796389,7.345833,0, ,0.0,0.0,0.0,0.0,2,19000,0,0,0,0,0,0

SID,BLA6C,CAN5V,3
IF,BLA,45.494222,8.100583, ,0.0,0.0,2,12000,0,0,0,0,0,0
TF,MC512,45.443706,8.006261,0, ,0.0,0.0,0.0,0.0,2,13500,0,0,0,0,0,1
VI,2, ,0.0,44.0,0,0,0,0,0,0,0,0
CF,MC514,45.634025,8.256372,0,SRN,268.0,32.2,89.0,7.0,0,0,0,0,0,0,0,0
TF,CANNE,46.166667,8.881111,0, ,0.0,0.0,0.0,0.0,2,15000,0,0,0,0,0,0

SID,BLA7D,35L,2
DF,DE17R,45.645453,8.718725,0, ,0.0,0.0,0,0,0,0,0,0,0,1
CA,0,340.0,2,1200,0,0,0,0,0,0
CF,D310C,45.673561,8.681017,0,MMP,310.0,3.0,310.0,1.0,2,1800,0,0,0,0,0,0
TF,D310F,45.706317,8.627136,0, ,0.0,0.0,0.0,0.0,2,3100,0,0,0,0,0,1
CF,D055U,45.689150,8.514511,0,BLA,55.0,21.0,235.0,4.0,2,5000,0,0,0,0,0,0
TF,D055O,45.633611,8.395953,0, ,0.0,0.0,0.0,0.0,2,7000,0,0,0,0,0,0
TF,BLA,45.494222,8.100583,0, ,0.0,0.0,0.0,0.0,2,12000,0,0,0,0,0,1

SID,BLA7D,ABE5V,3
IF,BLA,45.494222,8.100583, ,0.0,0.0,2,12000,0,0,0,0,0,0
TF,MC512,45.443706,8.006261,0, ,0.0,0.0,0.0,0.0,2,13500,0,0,0,0,0,1
VI,2, ,0.0,44.0,0,0,0,0,0,0,0,0
CF,MC516,45.634608,8.287386,0,SRN,268.0,30.9,89.0,9.0,0,0,0,0,0,0,0,0
TF,ABESI,46.159722,9.042778,0, ,0.0,0.0,0.0,0.0,2,15000,0,0,0,0,0,0

SID,BLA7D,AOS5M,3
IF,BLA,45.494222,8.100583, ,0.0,0.0,2,12000,0,0,0,0,0,0
TF,MC512,45.443706,8.006261,0, ,0.0,0.0,0.0,0.0,2,13500,0,0,0,0,0,0
TF,MC504,45.322275,7.780819,0, ,0.0,0.0,0.0,0.0,2,15000,0,0,0,0,0,1
VI,0, ,0.0,294.0,0,0,0,0,0,0,0,0
CF,MC506,45.469653,7.517842,0,CSL,338.7,16.0,339.0,8.0,2,18000,0,0,0,0,0,0
TF,AOSTA,45.796389,7.345833,0, ,0.0,0.0,0.0,0.0,2,19000,0,0,0,0,0,0

SID,BLA7D,AOS5V,3
IF,BLA,45.494222,8.100583, ,0.0,0.0,2,12000,0,0,0,0,0,0
TF,MC507,45.545231,7.978200,0, ,0.0,0.0,0.0,0.0,2,14500,0,0,0,0,0,0
TF,MC508,45.647042,7.733047,0, ,0.0,0.0,0.0,0.0,2,18000,0,0,0,0,0,0
TF,AOSTA,45.796389,7.345833,0, ,0.0,0.0,0.0,0.0,2,19000,0,0,0,0,0,0

SID,BLA7D,CAN5V,3
IF,BLA,45.494222,8.100583, ,0.0,0.0,2,12000,0,0,0,0,0,0
TF,MC512,45.443706,8.006261,0, ,0.0,0.0,0.0,0.0,2,13500,0,0,0,0,0,1
VI,2, ,0.0,44.0,0,0,0,0,0,0,0,0
CF,MC514,45.634025,8.256372,0,SRN,268.0,32.2,89.0,7.0,0,0,0,0,0,0,0,0
TF,CANNE,46.166667,8.881111,0, ,0.0,0.0,0.0,0.0,2,15000,0,0,0,0,0,0

SID,BLA7F,35L,2
DF,DE17R,45.645453,8.718725,0, ,0.0,0.0,0,0,0,0,0,0,0,1
CA,0,340.0,2,1200,0,0,0,0,0,0
CF,D320C,45.679617,8.689953,0,MMP,320.0,3.0,320.0,1.0,2,1800,0,0,0,0,0,0
TF,D320F,45.718439,8.645011,0, ,0.0,0.0,0.0,0.0,2,3000,0,0,0,0,0,0
VI,0, ,0.0,275.0,0,0,0,0,0,0,0,0
CF,D050U,45.713781,8.488772,0,BLA,50.0,21.0,230.0,3.0,2,5000,0,0,0,0,0,0
TF,D050O,45.651186,8.377550,0, ,0.0,0.0,0.0,0.0,2,7000,0,0,0,0,0,0
TF,BLA,45.494222,8.100583,0, ,0.0,0.0,0.0,0.0,2,12000,0,0,0,0,0,1

SID,BLA7F,ABE5V,3
IF,BLA,45.494222,8.100583, ,0.0,0.0,2,12000,0,0,0,0,0,0
TF,MC512,45.443706,8.006261,0, ,0.0,0.0,0.0,0.0,2,13500,0,0,0,0,0,1
VI,2, ,0.0,44.0,0,0,0,0,0,0,0,0
CF,MC516,45.634608,8.287386,0,SRN,268.0,30.9,89.0,9.0,0,0,0,0,0,0,0,0
TF,ABESI,46.159722,9.042778,0, ,0.0,0.0,0.0,0.0,2,15000,0,0,0,0,0,0

SID,BLA7F,AOS5M,3
IF,BLA,45.494222,8.100583, ,0.0,0.0,2,12000,0,0,0,0,0,0
TF,MC512,45.443706,8.006261,0, ,0.0,0.0,0.0,0.0,2,13500,0,0,0,0,0,0
TF,MC504,45.322275,7.780819,0, ,0.0,0.0,0.0,0.0,2,15000,0,0,0,0,0,1
VI,0, ,0.0,294.0,0,0,0,0,0,0,0,0
CF,MC506,45.469653,7.517842,0,CSL,338.7,16.0,339.0,8.0,2,18000,0,0,0,0,0,0
TF,AOSTA,45.796389,7.345833,0, ,0.0,0.0,0.0,0.0,2,19000,0,0,0,0,0,0

SID,BLA7F,AOS5V,3
IF,BLA,45.494222,8.100583, ,0.0,0.0,2,12000,0,0,0,0,0,0
TF,MC507,45.545231,7.978200,0, ,0.0,0.0,0.0,0.0,2,14500,0,0,0,0,0,0
TF,MC508,45.647042,7.733047,0, ,0.0,0.0,0.0,0.0,2,18000,0,0,0,0,0,0
TF,AOSTA,45.796389,7.345833,0, ,0.0,0.0,0.0,0.0,2,19000,0,0,0,0,0,0

SID,BLA7F,CAN5V,3
IF,BLA,45.494222,8.100583, ,0.0,0.0,2,12000,0,0,0,0,0,0
TF,MC512,45.443706,8.006261,0, ,0.0,0.0,0.0,0.0,2,13500,0,0,0,0,0,1
VI,2, ,0.0,44.0,0,0,0,0,0,0,0,0
CF,MC514,45.634025,8.256372,0,SRN,268.0,32.2,89.0,7.0,0,0,0,0,0,0,0,0
TF,CANNE,46.166667,8.881111,0, ,0.0,0.0,0.0,0.0,2,15000,0,0,0,0,0,0

SID,DOGU5L,35R,2
CA,0,348.0,2,1170,0,0,0,0,0,0
CD, ,0,0,0,MMP,0,0.0,358.0,4.1,2,2200,0,0,0,0,0,0
CF,D057Y,45.715264,8.603642,1,BLA,56.8,25.0,237.0,3.0,2,5000,0,0,0,0,0,0
TF,DOGUB,45.680000,8.522778,0, ,0.0,0.0,0.0,0.0,2,6000,0,0,0,0,0,0

SID,DOGU5L,ABE9W,3
IF,DOGUB,45.680000,8.522778, ,0.0,0.0,0,0,0,0,0,0,0,0
TF,NELAB,45.628333,8.406667,0, ,0.0,0.0,0.0,0.0,0,0,0,0,0,0,0,0
TF,BLA,45.494222,8.100583,0, ,0.0,0.0,0.0,0.0,2,12000,0,0,0,0,0,0
TF,MC512,45.443706,8.006261,0, ,0.0,0.0,0.0,0.0,2,13500,0,0,0,0,0,1
VI,2, ,0.0,44.0,0,0,0,0,0,0,0,0
CF,MC516,45.634608,8.287386,0,SRN,268.0,30.9,89.0,9.0,0,0,0,0,0,0,0,0
TF,ABESI,46.159722,9.042778,0, ,0.0,0.0,0.0,0.0,2,15000,0,0,0,0,0,0

SID,DOGU5L,AOS8W,3
IF,DOGUB,45.680000,8.522778, ,0.0,0.0,0,0,0,0,0,0,0,0
TF,NELAB,45.628333,8.406667,0, ,0.0,0.0,0.0,0.0,2,11000,0,0,0,0,0,0
TF,MC501,45.574828,8.315631,0, ,0.0,0.0,0.0,0.0,0,0,0,0,0,0,0,0
TF,MC502,45.591406,8.244561,0, ,0.0,0.0,0.0,0.0,2,13500,0,0,0,0,0,0
TF,MC519,45.667697,7.914456,0, ,0.0,0.0,0.0,0.0,2,16000,0,0,0,0,0,0
TF,AOSTA,45.796389,7.345833,0, ,0.0,0.0,0.0,0.0,2,19000,0,0,0,0,0,0

SID,DOGU5L,CAN9W,3
IF,DOGUB,45.680000,8.522778, ,0.0,0.0,0,0,0,0,0,0,0,0
TF,NELAB,45.628333,8.406667,0, ,0.0,0.0,0.0,0.0,0,0,0,0,0,0,0,0
TF,BLA,45.494222,8.100583,0, ,0.0,0.0,0.0,0.0,2,12000,0,0,0,0,0,0
TF,MC512,45.443706,8.006261,0, ,0.0,0.0,0.0,0.0,2,13500,0,0,0,0,0,1
VI,2, ,0.0,44.0,0,0,0,0,0,0,0,0
CF,MC514,45.634025,8.256372,0,SRN,268.0,32.2,89.0,7.0,0,0,0,0,0,0,0,0
TF,CANNE,46.166667,8.881111,0, ,0.0,0.0,0.0,0.0,2,15000,0,0,0,0,0,0

SID,DOGU5L,EKP5W,3
IF,DOGUB,45.680000,8.522778, ,0.0,0.0,0,0,0,0,0,0,0,0
TF,FARAK,45.554167,8.449167,0, ,0.0,0.0,0.0,0.0,0,0,0,0,0,0,0,0
TF,NOV,45.424167,8.793833,0, ,0.0,0.0,0.0,0.0,2,10000,0,0,0,0,0,0
TF,MC511,45.004064,9.848842,0, ,0.0,0.0,0.0,0.0,0,0,0,0,0,0,0,0
TF,EKPAL,44.484167,10.162500,0, ,0.0,0.0,0.0,0.0,2,19500,0,0,0,0,0,0

SID,DOGU5L,LAG5I,3
IF,DOGUB,45.680000,8.522778, ,0.0,0.0,0,0,0,0,0,0,0,0
TF,FARAK,45.554167,8.449167,0, ,0.0,0.0,0.0,0.0,0,0,0,0,0,0,0,0
TF,TONDA,45.109167,8.229722,0, ,0.0,0.0,0.0,0.0,0,0,0,0,0,0,0,0
TF,LAGEN,44.394167,8.498056,0, ,0.0,0.0,0.0,0.0,2,11000,0,0,0,0,0,0

SID,DOGU5L,LOG5W,3
IF,DOGUB,45.680000,8.522778, ,0.0,0.0,0,0,0,0,0,0,0,0
TF,FARAK,45.554167,8.449167,0, ,0.0,0.0,0.0,0.0,0,0,0,0,0,0,0,0
TF,PIKOT,45.186944,9.737222,0, ,0.0,0.0,0.0,0.0,2,9000,0,0,0,0,0,0
TF,LOGDI,44.713056,10.196111,0, ,0.0,0.0,0.0,0.0,0,0,0,0,0,0,0,0

SID,DOGU5L,NED5I,3
IF,DOGUB,45.680000,8.522778, ,0.0,0.0,0,0,0,0,0,0,0,0
TF,FARAK,45.554167,8.449167,0, ,0.0,0.0,0.0,0.0,0,0,0,0,0,0,0,0
TF,TONDA,45.109167,8.229722,0, ,0.0,0.0,0.0,0.0,0,0,0,0,0,0,0,0
TF,NEDED,44.693889,8.140556,0, ,0.0,0.0,0.0,0.0,2,20000,0,0,0,0,0,0

SID,DOGU5L,PIK5W,3
IF,DOGUB,45.680000,8.522778, ,0.0,0.0,0,0,0,0,0,0,0,0
TF,FARAK,45.554167,8.449167,0, ,0.0,0.0,0.0,0.0,0,0,0,0,0,0,0,0
TF,PIKOT,45.186944,9.737222,0, ,0.0,0.0,0.0,0.0,2,9000,0,0,0,0,0,0

SID,DOGU5L,TOP5I,3
IF,DOGUB,45.680000,8.522778, ,0.0,0.0,0,0,0,0,0,0,0,0
TF,FARAK,45.554167,8.449167,0, ,0.0,0.0,0.0,0.0,0,0,0,0,0,0,0,0
TF,TONDA,45.109167,8.229722,0, ,0.0,0.0,0.0,0.0,0,0,0,0,0,0,0,0
TF,TOP,44.925417,7.861667,0, ,0.0,0.0,0.0,0.0,0,0,0,0,0,0,0,0

SID,DOGU5T,35R,5
CA,0,348.0,2,1170,0,0,0,0,0,0
CF,MC604,45.708897,8.726153,0,MMP,353.9,4.1,358.0,3.0,2,2300,0,0,0,0,0,1
DF,MC613,45.715303,8.603458,1, ,0.0,0.0,2,5000,0,1,220,0,0,0
TF,DOGUB,45.680000,8.522778,0, ,0.0,0.0,0.0,0.0,2,6000,0,0,0,0,0,0

SID,DOGU5T,ABE9W,6
IF,DOGUB,45.680000,8.522778, ,0.0,0.0,0,0,0,0,0,0,0,0
TF,NELAB,45.628333,8.406667,0, ,0.0,0.0,0.0,0.0,0,0,0,0,0,0,0,0
TF,BLA,45.494222,8.100583,0, ,0.0,0.0,0.0,0.0,2,12000,0,0,0,0,0,0
TF,MC512,45.443706,8.006261,0, ,0.0,0.0,0.0,0.0,2,13500,0,0,0,0,0,1
VI,2, ,0.0,44.0,0,0,0,0,0,0,0,0
CF,MC516,45.634608,8.287386,0,SRN,268.0,30.9,89.0,9.0,0,0,0,0,0,0,0,0
TF,ABESI,46.159722,9.042778,0, ,0.0,0.0,0.0,0.0,2,15000,0,0,0,0,0,0

SID,DOGU5T,AOS8W,6
IF,DOGUB,45.680000,8.522778, ,0.0,0.0,0,0,0,0,0,0,0,0
TF,NELAB,45.628333,8.406667,0, ,0.0,0.0,0.0,0.0,2,11000,0,0,0,0,0,0
TF,MC501,45.574828,8.315631,0, ,0.0,0.0,0.0,0.0,0,0,0,0,0,0,0,0
TF,MC502,45.591406,8.244561,0, ,0.0,0.0,0.0,0.0,2,13500,0,0,0,0,0,0
TF,MC519,45.667697,7.914456,0, ,0.0,0.0,0.0,0.0,2,16000,0,0,0,0,0,0
TF,AOSTA,45.796389,7.345833,0, ,0.0,0.0,0.0,0.0,2,19000,0,0,0,0,0,0

SID,DOGU5T,CAN9W,6
IF,DOGUB,45.680000,8.522778, ,0.0,0.0,0,0,0,0,0,0,0,0
TF,NELAB,45.628333,8.406667,0, ,0.0,0.0,0.0,0.0,0,0,0,0,0,0,0,0
TF,BLA,45.494222,8.100583,0, ,0.0,0.0,0.0,0.0,2,12000,0,0,0,0,0,0
TF,MC512,45.443706,8.006261,0, ,0.0,0.0,0.0,0.0,2,13500,0,0,0,0,0,1
VI,2, ,0.0,44.0,0,0,0,0,0,0,0,0
CF,MC514,45.634025,8.256372,0,SRN,268.0,32.2,89.0,7.0,0,0,0,0,0,0,0,0
TF,CANNE,46.166667,8.881111,0, ,0.0,0.0,0.0,0.0,2,15000,0,0,0,0,0,0

SID,DOGU5T,EKP5W,6
IF,DOGUB,45.680000,8.522778, ,0.0,0.0,0,0,0,0,0,0,0,0
TF,FARAK,45.554167,8.449167,0, ,0.0,0.0,0.0,0.0,0,0,0,0,0,0,0,0
TF,NOV,45.424167,8.793833,0, ,0.0,0.0,0.0,0.0,2,10000,0,0,0,0,0,0
TF,MC511,45.004064,9.848842,0, ,0.0,0.0,0.0,0.0,0,0,0,0,0,0,0,0
TF,EKPAL,44.484167,10.162500,0, ,0.0,0.0,0.0,0.0,2,19500,0,0,0,0,0,0

SID,DOGU5T,LAG5I,6
IF,DOGUB,45.680000,8.522778, ,0.0,0.0,0,0,0,0,0,0,0,0
TF,FARAK,45.554167,8.449167,0, ,0.0,0.0,0.0,0.0,0,0,0,0,0,0,0,0
TF,TONDA,45.109167,8.229722,0, ,0.0,0.0,0.0,0.0,0,0,0,0,0,0,0,0
TF,LAGEN,44.394167,8.498056,0, ,0.0,0.0,0.0,0.0,2,11000,0,0,0,0,0,0

SID,DOGU5T,LOG5W,6
IF,DOGUB,45.680000,8.522778, ,0.0,0.0,0,0,0,0,0,0,0,0
TF,FARAK,45.554167,8.449167,0, ,0.0,0.0,0.0,0.0,0,0,0,0,0,0,0,0
TF,PIKOT,45.186944,9.737222,0, ,0.0,0.0,0.0,0.0,2,9000,0,0,0,0,0,0
TF,LOGDI,44.713056,10.196111,0, ,0.0,0.0,0.0,0.0,0,0,0,0,0,0,0,0

SID,DOGU5T,NED5I,6
IF,DOGUB,45.680000,8.522778, ,0.0,0.0,0,0,0,0,0,0,0,0
TF,FARAK,45.554167,8.449167,0, ,0.0,0.0,0.0,0.0,0,0,0,0,0,0,0,0
TF,TONDA,45.109167,8.229722,0, ,0.0,0.0,0.0,0.0,0,0,0,0,0,0,0,0
TF,NEDED,44.693889,8.140556,0, ,0.0,0.0,0.0,0.0,2,20000,0,0,0,0,0,0

SID,DOGU5T,PIK5W,6
IF,DOGUB,45.680000,8.522778, ,0.0,0.0,0,0,0,0,0,0,0,0
TF,FARAK,45.554167,8.449167,0, ,0.0,0.0,0.0,0.0,0,0,0,0,0,0,0,0
TF,PIKOT,45.186944,9.737222,0, ,0.0,0.0,0.0,0.0,2,9000,0,0,0,0,0,0

SID,DOGU5T,TOP5I,6
IF,DOGUB,45.680000,8.522778, ,0.0,0.0,0,0,0,0,0,0,0,0
TF,FARAK,45.554167,8.449167,0, ,0.0,0.0,0.0,0.0,0,0,0,0,0,0,0,0
TF,TONDA,45.109167,8.229722,0, ,0.0,0.0,0.0,0.0,0,0,0,0,0,0,0,0
TF,TOP,44.925417,7.861667,0, ,0.0,0.0,0.0,0.0,0,0,0,0,0,0,0,0

SID,FARA5C,35L,2
CA,0,340.0,2,1200,0,0,0,0,0,0
CI,0, ,0.0,250.0,0,0,0,0,0,0,0,0
CF,D280I,45.669200,8.524858,0,MMP,280.0,9.0,280.0,7.0,2,4500,0,0,0,0,0,1
CF,D057Q,45.643822,8.443075,0,MMP,270.0,12.3,237.0,3.0,0,0,0,0,0,0,0,1
CF,FARAK,45.554167,8.449167,0,MMP,245.7,13.1,147.0,3.0,2,9000,0,0,0,0,0,0

SID,FARA5C,EKP5U,3
IF,FARAK,45.554167,8.449167, ,0.0,0.0,0,0,0,0,0,0,0,0
TF,NOV,45.424167,8.793833,0, ,0.0,0.0,0.0,0.0,2,10000,0,0,0,0,0,0
TF,MC511,45.004064,9.848842,0, ,0.0,0.0,0.0,0.0,0,0,0,0,0,0,0,0
TF,EKPAL,44.484167,10.162500,0, ,0.0,0.0,0.0,0.0,2,19500,0,0,0,0,0,0

SID,FARA5C,LAG9U,3
IF,FARAK,45.554167,8.449167, ,0.0,0.0,0,0,0,0,0,0,0,0
TF,TONDA,45.109167,8.229722,0, ,0.0,0.0,0.0,0.0,0,0,0,0,0,0,0,0
TF,LAGEN,44.394167,8.498056,0, ,0.0,0.0,0.0,0.0,2,11000,0,0,0,0,0,0

SID,FARA5C,LOG5U,3
IF,FARAK,45.554167,8.449167, ,0.0,0.0,0,0,0,0,0,0,0,0
TF,COD,45.226278,9.541194,0, ,0.0,0.0,0.0,0.0,0,0,0,0,0,0,0,0
TF,PIKOT,45.186944,9.737222,0, ,0.0,0.0,0.0,0.0,2,9000,0,0,0,0,0,0
TF,LOGDI,44.713056,10.196111,0, ,0.0,0.0,0.0,0.0,0,0,0,0,0,0,0,0

SID,FARA5C,NED8U,3
IF,FARAK,45.554167,8.449167, ,0.0,0.0,0,0,0,0,0,0,0,0
TF,TONDA,45.109167,8.229722,0, ,0.0,0.0,0.0,0.0,0,0,0,0,0,0,0,0
TF,NEDED,44.693889,8.140556,0, ,0.0,0.0,0.0,0.0,2,20000,0,0,0,0,0,0

SID,FARA5C,OSB5U,3
IF,FARAK,45.554167,8.449167, ,0.0,0.0,0,0,0,0,0,0,0,0
TF,COD,45.226278,9.541194,0, ,0.0,0.0,0.0,0.0,0,0,0,0,0,0,0,0
TF,PIKOT,45.186944,9.737222,0, ,0.0,0.0,0.0,0.0,2,9000,0,0,0,0,0,0
TF,OSBUL,44.822222,10.293333,0, ,0.0,0.0,0.0,0.0,0,0,0,0,0,0,0,0

SID,FARA5C,PIK5U,3
IF,FARAK,45.554167,8.449167, ,0.0,0.0,0,0,0,0,0,0,0,0
TF,COD,45.226278,9.541194,0, ,0.0,0.0,0.0,0.0,0,0,0,0,0,0,0,0
TF,PIKOT,45.186944,9.737222,0, ,0.0,0.0,0.0,0.0,2,9000,0,0,0,0,0,0

SID,FARA5C,TOP9U,3
IF,FARAK,45.554167,8.449167, ,0.0,0.0,0,0,0,0,0,0,0,0
TF,TONDA,45.109167,8.229722,0, ,0.0,0.0,0.0,0.0,0,0,0,0,0,0,0,0
TF,TOP,44.925417,7.861667,0, ,0.0,0.0,0.0,0.0,0,0,0,0,0,0,0,0

SID,FARA5L,35L,5
CA,0,348.0,2,1160,0,0,0,0,0,0
CA,0,340.0,2,1200,0,0,0,0,0,0
CF,MC623,45.679617,8.689956,0,MMP,320.0,3.0,320.0,1.0,2,1800,0,1,210,0,0,0
TF,MC624,45.718442,8.645011,0, ,0.0,0.0,0.0,0.0,2,3000,0,0,0,0,0,0
TF,MC628,45.748081,8.610550,0, ,0.0,0.0,0.0,0.0,0,0,0,0,0,0,0,0
TF,NELAB,45.628333,8.406667,1, ,0.0,0.0,0.0,0.0,0,0,0,0,0,0,0,0
TF,FARAK,45.554167,8.449167,0, ,0.0,0.0,0.0,0.0,2,9000,0,0,0,0,0,0

SID,FARA5L,EKP5U,6
IF,FARAK,45.554167,8.449167, ,0.0,0.0,0,0,0,0,0,0,0,0
TF,NOV,45.424167,8.793833,0, ,0.0,0.0,0.0,0.0,2,10000,0,0,0,0,0,0
TF,MC511,45.004064,9.848842,0, ,0.0,0.0,0.0,0.0,0,0,0,0,0,0,0,0
TF,EKPAL,44.484167,10.162500,0, ,0.0,0.0,0.0,0.0,2,19500,0,0,0,0,0,0

SID,FARA5L,LAG9U,6
IF,FARAK,45.554167,8.449167, ,0.0,0.0,0,0,0,0,0,0,0,0
TF,TONDA,45.109167,8.229722,0, ,0.0,0.0,0.0,0.0,0,0,0,0,0,0,0,0
TF,LAGEN,44.394167,8.498056,0, ,0.0,0.0,0.0,0.0,2,11000,0,0,0,0,0,0

SID,FARA5L,LOG5U,6
IF,FARAK,45.554167,8.449167, ,0.0,0.0,0,0,0,0,0,0,0,0
TF,COD,45.226278,9.541194,0, ,0.0,0.0,0.0,0.0,0,0,0,0,0,0,0,0
TF,PIKOT,45.186944,9.737222,0, ,0.0,0.0,0.0,0.0,2,9000,0,0,0,0,0,0
TF,LOGDI,44.713056,10.196111,0, ,0.0,0.0,0.0,0.0,0,0,0,0,0,0,0,0

SID,FARA5L,NED8U,6
IF,FARAK,45.554167,8.449167, ,0.0,0.0,0,0,0,0,0,0,0,0
TF,TONDA,45.109167,8.229722,0, ,0.0,0.0,0.0,0.0,0,0,0,0,0,0,0,0
TF,NEDED,44.693889,8.140556,0, ,0.0,0.0,0.0,0.0,2,20000,0,0,0,0,0,0

SID,FARA5L,OSB5U,6
IF,FARAK,45.554167,8.449167, ,0.0,0.0,0,0,0,0,0,0,0,0
TF,COD,45.226278,9.541194,0, ,0.0,0.0,0.0,0.0,0,0,0,0,0,0,0,0
TF,PIKOT,45.186944,9.737222,0, ,0.0,0.0,0.0,0.0,2,9000,0,0,0,0,0,0
TF,OSBUL,44.822222,10.293333,0, ,0.0,0.0,0.0,0.0,0,0,0,0,0,0,0,0

SID,FARA5L,PIK5U,6
IF,FARAK,45.554167,8.449167, ,0.0,0.0,0,0,0,0,0,0,0,0
TF,COD,45.226278,9.541194,0, ,0.0,0.0,0.0,0.0,0,0,0,0,0,0,0,0
TF,PIKOT,45.186944,9.737222,0, ,0.0,0.0,0.0,0.0,2,9000,0,0,0,0,0,0

SID,FARA5L,TOP9U,6
IF,FARAK,45.554167,8.449167, ,0.0,0.0,0,0,0,0,0,0,0,0
TF,TONDA,45.109167,8.229722,0, ,0.0,0.0,0.0,0.0,0,0,0,0,0,0,0,0
TF,TOP,44.925417,7.861667,0, ,0.0,0.0,0.0,0.0,0,0,0,0,0,0,0,0

SID,FARA5M,35L,5
CA,0,348.0,2,1160,0,0,0,0,0,0
CA,0,340.0,2,1200,0,0,0,0,0,0
CF,MC622,45.673542,8.681044,0,MMP,310.0,3.0,310.0,1.0,2,1800,0,1,210,0,0,0
TF,MC626,45.706303,8.627161,0, ,0.0,0.0,0.0,0.0,2,3100,0,0,0,0,0,0
TF,MC629,45.732494,8.583889,0, ,0.0,0.0,0.0,0.0,0,0,0,0,0,0,0,0
TF,NELAB,45.628333,8.406667,0, ,0.0,0.0,0.0,0.0,0,0,0,0,0,0,0,0
TF,FARAK,45.554167,8.449167,0, ,0.0,0.0,0.0,0.0,2,9000,0,0,0,0,0,0

SID,FARA5M,EKP5U,6
IF,FARAK,45.554167,8.449167, ,0.0,0.0,0,0,0,0,0,0,0,0
TF,NOV,45.424167,8.793833,0, ,0.0,0.0,0.0,0.0,2,10000,0,0,0,0,0,0
TF,MC511,45.004064,9.848842,0, ,0.0,0.0,0.0,0.0,0,0,0,0,0,0,0,0
TF,EKPAL,44.484167,10.162500,0, ,0.0,0.0,0.0,0.0,2,19500,0,0,0,0,0,0

SID,FARA5M,LAG9U,6
IF,FARAK,45.554167,8.449167, ,0.0,0.0,0,0,0,0,0,0,0,0
TF,TONDA,45.109167,8.229722,0, ,0.0,0.0,0.0,0.0,0,0,0,0,0,0,0,0
TF,LAGEN,44.394167,8.498056,0, ,0.0,0.0,0.0,0.0,2,11000,0,0,0,0,0,0

SID,FARA5M,LOG5U,6
IF,FARAK,45.554167,8.449167, ,0.0,0.0,0,0,0,0,0,0,0,0
TF,COD,45.226278,9.541194,0, ,0.0,0.0,0.0,0.0,0,0,0,0,0,0,0,0
TF,PIKOT,45.186944,9.737222,0, ,0.0,0.0,0.0,0.0,2,9000,0,0,0,0,0,0
TF,LOGDI,44.713056,10.196111,0, ,0.0,0.0,0.0,0.0,0,0,0,0,0,0,0,0

SID,FARA5M,NED8U,6
IF,FARAK,45.554167,8.449167, ,0.0,0.0,0,0,0,0,0,0,0,0
TF,TONDA,45.109167,8.229722,0, ,0.0,0.0,0.0,0.0,0,0,0,0,0,0,0,0
TF,NEDED,44.693889,8.140556,0, ,0.0,0.0,0.0,0.0,2,20000,0,0,0,0,0,0

SID,FARA5M,OSB5U,6
IF,FARAK,45.554167,8.449167, ,0.0,0.0,0,0,0,0,0,0,0,0
TF,COD,45.226278,9.541194,0, ,0.0,0.0,0.0,0.0,0,0,0,0,0,0,0,0
TF,PIKOT,45.186944,9.737222,0, ,0.0,0.0,0.0,0.0,2,9000,0,0,0,0,0,0
TF,OSBUL,44.822222,10.293333,0, ,0.0,0.0,0.0,0.0,0,0,0,0,0,0,0,0

SID,FARA5M,PIK5U,6
IF,FARAK,45.554167,8.449167, ,0.0,0.0,0,0,0,0,0,0,0,0
TF,COD,45.226278,9.541194,0, ,0.0,0.0,0.0,0.0,0,0,0,0,0,0,0,0
TF,PIKOT,45.186944,9.737222,0, ,0.0,0.0,0.0,0.0,2,9000,0,0,0,0,0,0

SID,FARA5M,TOP9U,6
IF,FARAK,45.554167,8.449167, ,0.0,0.0,0,0,0,0,0,0,0,0
TF,TONDA,45.109167,8.229722,0, ,0.0,0.0,0.0,0.0,0,0,0,0,0,0,0,0
TF,TOP,44.925417,7.861667,0, ,0.0,0.0,0.0,0.0,0,0,0,0,0,0,0,0

SID,FARA5S,35L,5
CA,0,348.0,2,1160,0,0,0,0,0,0
CA,0,340.0,2,1200,0,0,0,0,0,0
CI,0, ,0.0,250.0,0,0,0,0,0,0,0,0
CF,MC627,45.669175,8.524994,0,MMP,280.0,9.0,280.0,7.0,2,4500,0,1,210,0,0,0
TF,MC631,45.674528,8.484964,0, ,0.0,0.0,0.0,0.0,0,0,0,0,0,0,0,0
TF,NELAB,45.628333,8.406667,0, ,0.0,0.0,0.0,0.0,0,0,0,0,0,0,0,0
TF,FARAK,45.554167,8.449167,0, ,0.0,0.0,0.0,0.0,2,9000,0,1,230,0,0,0

SID,FARA5S,EKP5U,6
IF,FARAK,45.554167,8.449167, ,0.0,0.0,0,0,0,0,0,0,0,0
TF,NOV,45.424167,8.793833,0, ,0.0,0.0,0.0,0.0,2,10000,0,0,0,0,0,0
TF,MC511,45.004064,9.848842,0, ,0.0,0.0,0.0,0.0,0,0,0,0,0,0,0,0
TF,EKPAL,44.484167,10.162500,0, ,0.0,0.0,0.0,0.0,2,19500,0,0,0,0,0,0

SID,FARA5S,LAG9U,6
IF,FARAK,45.554167,8.449167, ,0.0,0.0,0,0,0,0,0,0,0,0
TF,TONDA,45.109167,8.229722,0, ,0.0,0.0,0.0,0.0,0,0,0,0,0,0,0,0
TF,LAGEN,44.394167,8.498056,0, ,0.0,0.0,0.0,0.0,2,11000,0,0,0,0,0,0

SID,FARA5S,LOG5U,6
IF,FARAK,45.554167,8.449167, ,0.0,0.0,0,0,0,0,0,0,0,0
TF,COD,45.226278,9.541194,0, ,0.0,0.0,0.0,0.0,0,0,0,0,0,0,0,0
TF,PIKOT,45.186944,9.737222,0, ,0.0,0.0,0.0,0.0,2,9000,0,0,0,0,0,0
TF,LOGDI,44.713056,10.196111,0, ,0.0,0.0,0.0,0.0,0,0,0,0,0,0,0,0

SID,FARA5S,NED8U,6
IF,FARAK,45.554167,8.449167, ,0.0,0.0,0,0,0,0,0,0,0,0
TF,TONDA,45.109167,8.229722,0, ,0.0,0.0,0.0,0.0,0,0,0,0,0,0,0,0
TF,NEDED,44.693889,8.140556,0, ,0.0,0.0,0.0,0.0,2,20000,0,0,0,0,0,0

SID,FARA5S,OSB5U,6
IF,FARAK,45.554167,8.449167, ,0.0,0.0,0,0,0,0,0,0,0,0
TF,COD,45.226278,9.541194,0, ,0.0,0.0,0.0,0.0,0,0,0,0,0,0,0,0
TF,PIKOT,45.186944,9.737222,0, ,0.0,0.0,0.0,0.0,2,9000,0,0,0,0,0,0
TF,OSBUL,44.822222,10.293333,0, ,0.0,0.0,0.0,0.0,0,0,0,0,0,0,0,0

SID,FARA5S,PIK5U,6
IF,FARAK,45.554167,8.449167, ,0.0,0.0,0,0,0,0,0,0,0,0
TF,COD,45.226278,9.541194,0, ,0.0,0.0,0.0,0.0,0,0,0,0,0,0,0,0
TF,PIKOT,45.186944,9.737222,0, ,0.0,0.0,0.0,0.0,2,9000,0,0,0,0,0,0

SID,FARA5S,TOP9U,6
IF,FARAK,45.554167,8.449167, ,0.0,0.0,0,0,0,0,0,0,0,0
TF,TONDA,45.109167,8.229722,0, ,0.0,0.0,0.0,0.0,0,0,0,0,0,0,0,0
TF,TOP,44.925417,7.861667,0, ,0.0,0.0,0.0,0.0,0,0,0,0,0,0,0,0

SID,FARA5X,17L,2
CA,0,168.0,2,1170,0,0,0,0,0,0
FA,MMP,45.640778,8.734833,0,MMP,0.0,0.0,179.0,2,1500,0,0,0,0,0,0
CF,FARAK,45.554167,8.449167,2,MMP,245.7,13.1,271.0,10.0,2,9000,0,1,220,0,0,0

SID,FARA5X,17R,2
CA,0,168.0,2,1170,0,0,0,0,0,0
FA,MMP,45.640778,8.734833,0,MMP,0.0,0.0,179.0,2,1500,0,0,0,0,0,0
CF,FARAK,45.554167,8.449167,2,MMP,245.7,13.1,271.0,10.0,2,9000,0,1,220,0,0,0

SID,FARA5X,LAG9U,3
IF,FARAK,45.554167,8.449167, ,0.0,0.0,0,0,0,0,0,0,0,0
TF,TONDA,45.109167,8.229722,0, ,0.0,0.0,0.0,0.0,0,0,0,0,0,0,0,0
TF,LAGEN,44.394167,8.498056,0, ,0.0,0.0,0.0,0.0,2,11000,0,0,0,0,0,0

SID,FARA5X,NED8U,3
IF,FARAK,45.554167,8.449167, ,0.0,0.0,0,0,0,0,0,0,0,0
TF,TONDA,45.109167,8.229722,0, ,0.0,0.0,0.0,0.0,0,0,0,0,0,0,0,0
TF,NEDED,44.693889,8.140556,0, ,0.0,0.0,0.0,0.0,2,20000,0,0,0,0,0,0

SID,FARA5X,TOP9U,3
IF,FARAK,45.554167,8.449167, ,0.0,0.0,0,0,0,0,0,0,0,0
TF,TONDA,45.109167,8.229722,0, ,0.0,0.0,0.0,0.0,0,0,0,0,0,0,0,0
TF,TOP,44.925417,7.861667,0, ,0.0,0.0,0.0,0.0,0,0,0,0,0,0,0,0

SID,FARA7D,35L,2
DF,DE17R,45.645453,8.718725,0, ,0.0,0.0,0,0,0,0,0,0,0,1
CA,0,340.0,2,1200,0,0,0,0,0,0
CF,D310C,45.673561,8.681017,0,MMP,310.0,3.0,310.0,1.0,2,1800,0,0,0,0,0,0
TF,D310F,45.706317,8.627136,0, ,0.0,0.0,0.0,0.0,2,3100,0,0,0,0,0,1
CF,D055U,45.689150,8.514511,0,MMP,286.5,9.7,235.0,4.0,2,5000,0,0,0,0,0,0
TF,D055Q,45.652139,8.435444,0, ,0.0,0.0,0.0,0.0,0,0,0,0,0,0,0,1
CF,FARAK,45.554167,8.449167,0,MMP,245.7,13.1,147.0,5.0,2,9000,0,0,0,0,0,0

SID,FARA7D,EKP5U,3
IF,FARAK,45.554167,8.449167, ,0.0,0.0,0,0,0,0,0,0,0,0
TF,NOV,45.424167,8.793833,0, ,0.0,0.0,0.0,0.0,2,10000,0,0,0,0,0,0
TF,MC511,45.004064,9.848842,0, ,0.0,0.0,0.0,0.0,0,0,0,0,0,0,0,0
TF,EKPAL,44.484167,10.162500,0, ,0.0,0.0,0.0,0.0,2,19500,0,0,0,0,0,0

SID,FARA7D,LAG9U,3
IF,FARAK,45.554167,8.449167, ,0.0,0.0,0,0,0,0,0,0,0,0
TF,TONDA,45.109167,8.229722,0, ,0.0,0.0,0.0,0.0,0,0,0,0,0,0,0,0
TF,LAGEN,44.394167,8.498056,0, ,0.0,0.0,0.0,0.0,2,11000,0,0,0,0,0,0

SID,FARA7D,LOG5U,3
IF,FARAK,45.554167,8.449167, ,0.0,0.0,0,0,0,0,0,0,0,0
TF,COD,45.226278,9.541194,0, ,0.0,0.0,0.0,0.0,0,0,0,0,0,0,0,0
TF,PIKOT,45.186944,9.737222,0, ,0.0,0.0,0.0,0.0,2,9000,0,0,0,0,0,0
TF,LOGDI,44.713056,10.196111,0, ,0.0,0.0,0.0,0.0,0,0,0,0,0,0,0,0

SID,FARA7D,NED8U,3
IF,FARAK,45.554167,8.449167, ,0.0,0.0,0,0,0,0,0,0,0,0
TF,TONDA,45.109167,8.229722,0, ,0.0,0.0,0.0,0.0,0,0,0,0,0,0,0,0
TF,NEDED,44.693889,8.140556,0, ,0.0,0.0,0.0,0.0,2,20000,0,0,0,0,0,0

SID,FARA7D,OSB5U,3
IF,FARAK,45.554167,8.449167, ,0.0,0.0,0,0,0,0,0,0,0,0
TF,COD,45.226278,9.541194,0, ,0.0,0.0,0.0,0.0,0,0,0,0,0,0,0,0
TF,PIKOT,45.186944,9.737222,0, ,0.0,0.0,0.0,0.0,2,9000,0,0,0,0,0,0
TF,OSBUL,44.822222,10.293333,0, ,0.0,0.0,0.0,0.0,0,0,0,0,0,0,0,0

SID,FARA7D,PIK5U,3
IF,FARAK,45.554167,8.449167, ,0.0,0.0,0,0,0,0,0,0,0,0
TF,COD,45.226278,9.541194,0, ,0.0,0.0,0.0,0.0,0,0,0,0,0,0,0,0
TF,PIKOT,45.186944,9.737222,0, ,0.0,0.0,0.0,0.0,2,9000,0,0,0,0,0,0

SID,FARA7D,TOP9U,3
IF,FARAK,45.554167,8.449167, ,0.0,0.0,0,0,0,0,0,0,0,0
TF,TONDA,45.109167,8.229722,0, ,0.0,0.0,0.0,0.0,0,0,0,0,0,0,0,0
TF,TOP,44.925417,7.861667,0, ,0.0,0.0,0.0,0.0,0,0,0,0,0,0,0,0

SID,FARA7F,35L,2
DF,DE17R,45.645453,8.718725,0, ,0.0,0.0,0,0,0,0,0,0,0,1
CA,0,340.0,2,1200,0,0,0,0,0,0
CF,D320C,45.679617,8.689953,0,MMP,320.0,3.0,320.0,1.0,2,1800,0,0,0,0,0,0
TF,D320F,45.718439,8.645011,0, ,0.0,0.0,0.0,0.0,2,3000,0,0,0,0,0,1
VI,0, ,0.0,275.0,0,0,0,0,0,0,0,0
CF,D050U,45.713781,8.488772,0,BLA,50.0,21.0,230.0,3.0,2,5000,0,0,0,0,0,0
TF,D050Q,45.672061,8.414597,0, ,0.0,0.0,0.0,0.0,0,0,0,0,0,0,0,1
CF,FARAK,45.554167,8.449167,0,MMP,245.7,13.1,147.0,6.0,2,9000,0,0,0,0,0,0

SID,FARA7F,EKP5U,3
IF,FARAK,45.554167,8.449167, ,0.0,0.0,0,0,0,0,0,0,0,0
TF,NOV,45.424167,8.793833,0, ,0.0,0.0,0.0,0.0,2,10000,0,0,0,0,0,0
TF,MC511,45.004064,9.848842,0, ,0.0,0.0,0.0,0.0,0,0,0,0,0,0,0,0
TF,EKPAL,44.484167,10.162500,0, ,0.0,0.0,0.0,0.0,2,19500,0,0,0,0,0,0

SID,FARA7F,LAG9U,3
IF,FARAK,45.554167,8.449167, ,0.0,0.0,0,0,0,0,0,0,0,0
TF,TONDA,45.109167,8.229722,0, ,0.0,0.0,0.0,0.0,0,0,0,0,0,0,0,0
TF,LAGEN,44.394167,8.498056,0, ,0.0,0.0,0.0,0.0,2,11000,0,0,0,0,0,0

SID,FARA7F,LOG5U,3
IF,FARAK,45.554167,8.449167, ,0.0,0.0,0,0,0,0,0,0,0,0
TF,COD,45.226278,9.541194,0, ,0.0,0.0,0.0,0.0,0,0,0,0,0,0,0,0
TF,PIKOT,45.186944,9.737222,0, ,0.0,0.0,0.0,0.0,2,9000,0,0,0,0,0,0
TF,LOGDI,44.713056,10.196111,0, ,0.0,0.0,0.0,0.0,0,0,0,0,0,0,0,0

SID,FARA7F,NED8U,3
IF,FARAK,45.554167,8.449167, ,0.0,0.0,0,0,0,0,0,0,0,0
TF,TONDA,45.109167,8.229722,0, ,0.0,0.0,0.0,0.0,0,0,0,0,0,0,0,0
TF,NEDED,44.693889,8.140556,0, ,0.0,0.0,0.0,0.0,2,20000,0,0,0,0,0,0

SID,FARA7F,OSB5U,3
IF,FARAK,45.554167,8.449167, ,0.0,0.0,0,0,0,0,0,0,0,0
TF,COD,45.226278,9.541194,0, ,0.0,0.0,0.0,0.0,0,0,0,0,0,0,0,0
TF,PIKOT,45.186944,9.737222,0, ,0.0,0.0,0.0,0.0,2,9000,0,0,0,0,0,0
TF,OSBUL,44.822222,10.293333,0, ,0.0,0.0,0.0,0.0,0,0,0,0,0,0,0,0

SID,FARA7F,PIK5U,3
IF,FARAK,45.554167,8.449167, ,0.0,0.0,0,0,0,0,0,0,0,0
TF,COD,45.226278,9.541194,0, ,0.0,0.0,0.0,0.0,0,0,0,0,0,0,0,0
TF,PIKOT,45.186944,9.737222,0, ,0.0,0.0,0.0,0.0,2,9000,0,0,0,0,0,0

SID,FARA7F,TOP9U,3
IF,FARAK,45.554167,8.449167, ,0.0,0.0,0,0,0,0,0,0,0,0
TF,TONDA,45.109167,8.229722,0, ,0.0,0.0,0.0,0.0,0,0,0,0,0,0,0,0
TF,TOP,44.925417,7.861667,0, ,0.0,0.0,0.0,0.0,0,0,0,0,0,0,0,0

SID,IRKE5E,35L,2
DF,DE17R,45.645453,8.718725,0, ,0.0,0.0,0,0,0,0,0,0,0,1
CA,0,340.0,2,1200,0,0,0,0,0,0
CF,D320C,45.679617,8.689953,0,MMP,320.0,3.0,320.0,1.0,2,1800,0,0,0,0,0,0
TF,D320F,45.718439,8.645011,0, ,0.0,0.0,0.0,0.0,2,3000,0,0,0,0,0,1
DF,D359I,45.791356,8.734833,2, ,0.0,0.0,2,4000,0,0,0,0,0,0
TF,IRKED,45.723889,8.867778,0, ,0.0,0.0,0.0,0.0,2,6000,0,0,0,0,0,0

SID,IRKE5E,ABE7X,3
IF,IRKED,45.723889,8.867778, ,0.0,0.0,0,0,0,0,0,0,0,0
TF,SRN,45.645972,9.021583,0, ,0.0,0.0,0.0,0.0,0,0,0,0,0,0,0,0
TF,OLPUR,45.648333,9.619167,0, ,0.0,0.0,0.0,0.0,2,12500,0,0,0,0,0,1
CF,ADARI,45.844722,9.419444,1,BEG,309.9,16.1,310.0,13.0,2,14000,0,0,0,0,0,0
TF,NIKMO,45.992778,9.173056,0, ,0.0,0.0,0.0,0.0,0,0,0,0,0,0,0,0
TF,ABESI,46.159722,9.042778,0, ,0.0,0.0,0.0,0.0,2,15000,0,0,0,0,0,0

SID,IRKE5E,ABE7Y,3
IF,IRKED,45.723889,8.867778, ,0.0,0.0,0,0,0,0,0,0,0,0
TF,MC503,45.732944,9.195028,0, ,0.0,0.0,0.0,0.0,2,10000,0,0,0,0,0,0
TF,ADARI,45.844722,9.419444,0, ,0.0,0.0,0.0,0.0,2,14000,0,0,0,0,0,0
TF,NIKMO,45.992778,9.173056,1, ,0.0,0.0,0.0,0.0,0,0,0,0,0,0,0,0
TF,ABESI,46.159722,9.042778,0, ,0.0,0.0,0.0,0.0,2,15000,0,0,0,0,0,0

SID,IRKE5E,CAN7X,3
IF,IRKED,45.723889,8.867778, ,0.0,0.0,0,0,0,0,0,0,0,0
TF,SRN,45.645972,9.021583,0, ,0.0,0.0,0.0,0.0,0,0,0,0,0,0,0,0
TF,OLPUR,45.648333,9.619167,0, ,0.0,0.0,0.0,0.0,2,12500,0,0,0,0,0,1
CF,ADARI,45.844722,9.419444,1,BEG,309.9,16.1,310.0,13.0,2,14000,0,0,0,0,0,0
TF,NIKMO,45.992778,9.173056,0, ,0.0,0.0,0.0,0.0,0,0,0,0,0,0,0,0
TF,CANNE,46.166667,8.881111,0, ,0.0,0.0,0.0,0.0,2,15000,0,0,0,0,0,0

SID,IRKE5E,CAN7Y,3
IF,IRKED,45.723889,8.867778, ,0.0,0.0,0,0,0,0,0,0,0,0
TF,MC503,45.732944,9.195028,0, ,0.0,0.0,0.0,0.0,2,10000,0,0,0,0,0,0
TF,ADARI,45.844722,9.419444,0, ,0.0,0.0,0.0,0.0,2,14000,0,0,0,0,0,0
TF,NIKMO,45.992778,9.173056,1, ,0.0,0.0,0.0,0.0,0,0,0,0,0,0,0,0
TF,CANNE,46.166667,8.881111,0, ,0.0,0.0,0.0,0.0,2,15000,0,0,0,0,0,0

SID,IRKE5E,EKP5Y,3
IF,IRKED,45.723889,8.867778, ,0.0,0.0,0,0,0,0,0,0,0,0
TF,SRN,45.645972,9.021583,0, ,0.0,0.0,0.0,0.0,0,0,0,0,0,0,0,0
TF,PIKOT,45.186944,9.737222,0, ,0.0,0.0,0.0,0.0,2,9000,0,0,0,0,0,0
TF,EKPAL,44.484167,10.162500,0, ,0.0,0.0,0.0,0.0,2,19500,0,0,0,0,0,0

SID,IRKE5E,LOG5Y,3
IF,IRKED,45.723889,8.867778, ,0.0,0.0,0,0,0,0,0,0,0,0
TF,SRN,45.645972,9.021583,0, ,0.0,0.0,0.0,0.0,0,0,0,0,0,0,0,0
TF,PIKOT,45.186944,9.737222,0, ,0.0,0.0,0.0,0.0,2,9000,0,0,0,0,0,0
TF,LOGDI,44.713056,10.196111,0, ,0.0,0.0,0.0,0.0,0,0,0,0,0,0,0,0

SID,IRKE5E,OSB5Y,3
IF,IRKED,45.723889,8.867778, ,0.0,0.0,0,0,0,0,0,0,0,0
TF,SRN,45.645972,9.021583,0, ,0.0,0.0,0.0,0.0,0,0,0,0,0,0,0,0
TF,PIKOT,45.186944,9.737222,0, ,0.0,0.0,0.0,0.0,2,9000,0,0,0,0,0,0
TF,OSBUL,44.822222,10.293333,0, ,0.0,0.0,0.0,0.0,0,0,0,0,0,0,0,0

SID,IRKE5E,OSK7Y,3
IF,IRKED,45.723889,8.867778, ,0.0,0.0,0,0,0,0,0,0,0,0
TF,SRN,45.645972,9.021583,0, ,0.0,0.0,0.0,0.0,0,0,0,0,0,0,0,0
TF,ORI,45.643778,9.841667,0, ,0.0,0.0,0.0,0.0,2,9500,0,0,0,0,0,0
TF,OSKOR,45.649167,10.116667,0, ,0.0,0.0,0.0,0.0,2,12500,0,0,0,0,0,0

SID,IRKE5E,PIK5Y,3
IF,IRKED,45.723889,8.867778, ,0.0,0.0,0,0,0,0,0,0,0,0
TF,SRN,45.645972,9.021583,0, ,0.0,0.0,0.0,0.0,0,0,0,0,0,0,0,0
TF,PIKOT,45.186944,9.737222,0, ,0.0,0.0,0.0,0.0,2,9000,0,0,0,0,0,0

SID,IRKE5E,VAK7Y,3
IF,IRKED,45.723889,8.867778, ,0.0,0.0,0,0,0,0,0,0,0,0
TF,SRN,45.645972,9.021583,0, ,0.0,0.0,0.0,0.0,0,0,0,0,0,0,0,0
TF,TZO,45.559250,9.507083,0, ,0.0,0.0,0.0,0.0,0,0,0,0,0,0,0,0
TF,VAKON,45.478056,10.000000,0, ,0.0,0.0,0.0,0.0,2,11000,0,0,0,0,0,0

SID,IRKE5T,35L,5
CA,0,348.0,2,1160,0,0,0,0,0,0
CA,0,340.0,2,1200,0,0,0,0,0,0
CF,MC623,45.679617,8.689956,0,MMP,320.0,3.0,320.0,1.0,2,1800,0,1,210,0,0,0
TF,MC624,45.718442,8.645011,0, ,0.0,0.0,0.0,0.0,2,3000,0,0,0,0,0,1
DF,MC632,45.791181,8.734989,2, ,0.0,0.0,2,4000,0,1,230,0,0,0
TF,IRKED,45.723889,8.867778,0, ,0.0,0.0,0.0,0.0,2,6000,0,0,0,0,0,0

SID,IRKE5T,ABE7X,6
IF,IRKED,45.723889,8.867778, ,0.0,0.0,0,0,0,0,0,0,0,0
TF,SRN,45.645972,9.021583,0, ,0.0,0.0,0.0,0.0,0,0,0,0,0,0,0,0
TF,OLPUR,45.648333,9.619167,0, ,0.0,0.0,0.0,0.0,2,12500,0,0,0,0,0,1
CF,ADARI,45.844722,9.419444,1,BEG,309.9,16.1,310.0,13.0,2,14000,0,0,0,0,0,0
TF,NIKMO,45.992778,9.173056,0, ,0.0,0.0,0.0,0.0,0,0,0,0,0,0,0,0
TF,ABESI,46.159722,9.042778,0, ,0.0,0.0,0.0,0.0,2,15000,0,0,0,0,0,0

SID,IRKE5T,ABE7Y,6
IF,IRKED,45.723889,8.867778, ,0.0,0.0,0,0,0,0,0,0,0,0
TF,MC503,45.732944,9.195028,0, ,0.0,0.0,0.0,0.0,2,10000,0,0,0,0,0,0
TF,ADARI,45.844722,9.419444,0, ,0.0,0.0,0.0,0.0,2,14000,0,0,0,0,0,0
TF,NIKMO,45.992778,9.173056,1, ,0.0,0.0,0.0,0.0,0,0,0,0,0,0,0,0
TF,ABESI,46.159722,9.042778,0, ,0.0,0.0,0.0,0.0,2,15000,0,0,0,0,0,0

SID,IRKE5T,CAN7X,6
IF,IRKED,45.723889,8.867778, ,0.0,0.0,0,0,0,0,0,0,0,0
TF,SRN,45.645972,9.021583,0, ,0.0,0.0,0.0,0.0,0,0,0,0,0,0,0,0
TF,OLPUR,45.648333,9.619167,0, ,0.0,0.0,0.0,0.0,2,12500,0,0,0,0,0,1
CF,ADARI,45.844722,9.419444,1,BEG,309.9,16.1,310.0,13.0,2,14000,0,0,0,0,0,0
TF,NIKMO,45.992778,9.173056,0, ,0.0,0.0,0.0,0.0,0,0,0,0,0,0,0,0
TF,CANNE,46.166667,8.881111,0, ,0.0,0.0,0.0,0.0,2,15000,0,0,0,0,0,0

SID,IRKE5T,CAN7Y,6
IF,IRKED,45.723889,8.867778, ,0.0,0.0,0,0,0,0,0,0,0,0
TF,MC503,45.732944,9.195028,0, ,0.0,0.0,0.0,0.0,2,10000,0,0,0,0,0,0
TF,ADARI,45.844722,9.419444,0, ,0.0,0.0,0.0,0.0,2,14000,0,0,0,0,0,0
TF,NIKMO,45.992778,9.173056,1, ,0.0,0.0,0.0,0.0,0,0,0,0,0,0,0,0
TF,CANNE,46.166667,8.881111,0, ,0.0,0.0,0.0,0.0,2,15000,0,0,0,0,0,0

SID,IRKE5T,EKP5Y,6
IF,IRKED,45.723889,8.867778, ,0.0,0.0,0,0,0,0,0,0,0,0
TF,SRN,45.645972,9.021583,0, ,0.0,0.0,0.0,0.0,0,0,0,0,0,0,0,0
TF,PIKOT,45.186944,9.737222,0, ,0.0,0.0,0.0,0.0,2,9000,0,0,0,0,0,0
TF,EKPAL,44.484167,10.162500,0, ,0.0,0.0,0.0,0.0,2,19500,0,0,0,0,0,0

SID,IRKE5T,LOG5Y,6
IF,IRKED,45.723889,8.867778, ,0.0,0.0,0,0,0,0,0,0,0,0
TF,SRN,45.645972,9.021583,0, ,0.0,0.0,0.0,0.0,0,0,0,0,0,0,0,0
TF,PIKOT,45.186944,9.737222,0, ,0.0,0.0,0.0,0.0,2,9000,0,0,0,0,0,0
TF,LOGDI,44.713056,10.196111,0, ,0.0,0.0,0.0,0.0,0,0,0,0,0,0,0,0

SID,IRKE5T,OSB5Y,6
IF,IRKED,45.723889,8.867778, ,0.0,0.0,0,0,0,0,0,0,0,0
TF,SRN,45.645972,9.021583,0, ,0.0,0.0,0.0,0.0,0,0,0,0,0,0,0,0
TF,PIKOT,45.186944,9.737222,0, ,0.0,0.0,0.0,0.0,2,9000,0,0,0,0,0,0
TF,OSBUL,44.822222,10.293333,0, ,0.0,0.0,0.0,0.0,0,0,0,0,0,0,0,0

SID,IRKE5T,OSK7Y,6
IF,IRKED,45.723889,8.867778, ,0.0,0.0,0,0,0,0,0,0,0,0
TF,SRN,45.645972,9.021583,0, ,0.0,0.0,0.0,0.0,0,0,0,0,0,0,0,0
TF,ORI,45.643778,9.841667,0, ,0.0,0.0,0.0,0.0,2,9500,0,0,0,0,0,0
TF,OSKOR,45.649167,10.116667,0, ,0.0,0.0,0.0,0.0,2,12500,0,0,0,0,0,0

SID,IRKE5T,PIK5Y,6
IF,IRKED,45.723889,8.867778, ,0.0,0.0,0,0,0,0,0,0,0,0
TF,SRN,45.645972,9.021583,0, ,0.0,0.0,0.0,0.0,0,0,0,0,0,0,0,0
TF,PIKOT,45.186944,9.737222,0, ,0.0,0.0,0.0,0.0,2,9000,0,0,0,0,0,0

SID,IRKE5T,VAK7Y,6
IF,IRKED,45.723889,8.867778, ,0.0,0.0,0,0,0,0,0,0,0,0
TF,SRN,45.645972,9.021583,0, ,0.0,0.0,0.0,0.0,0,0,0,0,0,0,0,0
TF,TZO,45.559250,9.507083,0, ,0.0,0.0,0.0,0.0,0,0,0,0,0,0,0,0
TF,VAKON,45.478056,10.000000,0, ,0.0,0.0,0.0,0.0,2,11000,0,0,0,0,0,0

SID,MMP5H,35R,2
CA,0,348.0,2,1170,0,0,0,0,0,0
CA,0,358.0,2,1300,0,0,0,0,0,0
CF,D038E,45.705500,8.809667,0,MMP,38.0,5.0,70.0,4.0,2,3000,0,0,0,0,0,1
CA,2,175.0,2,4000,0,0,0,0,0,0
CF,MMP,45.640778,8.734833,2,MMP,0.0,0.0,267.0,5.0,0,0,0,0,0,0,0,0

SID,MMP5H,AOS8X,3
IF,MMP,45.640778,8.734833, ,0.0,0.0,0,0,0,0,0,0,0,0
TF,MC501,45.574828,8.315631,0, ,0.0,0.0,0.0,0.0,0,0,0,0,0,0,0,0
TF,MC502,45.591406,8.244561,0, ,0.0,0.0,0.0,0.0,2,13500,0,0,0,0,0,0
TF,MC519,45.667697,7.914456,0, ,0.0,0.0,0.0,0.0,2,16000,0,0,0,0,0,0
TF,AOSTA,45.796389,7.345833,0, ,0.0,0.0,0.0,0.0,2,19000,0,0,0,0,0,0

SID,MMP5H,LAG8X,3
IF,MMP,45.640778,8.734833, ,0.0,0.0,0,0,0,0,0,0,0,0
TF,FARAK,45.554167,8.449167,0, ,0.0,0.0,0.0,0.0,0,0,0,0,0,0,0,0
TF,TONDA,45.109167,8.229722,0, ,0.0,0.0,0.0,0.0,0,0,0,0,0,0,0,0
TF,LAGEN,44.394167,8.498056,0, ,0.0,0.0,0.0,0.0,2,11000,0,0,0,0,0,0

SID,MMP5H,NED8X,3
IF,MMP,45.640778,8.734833, ,0.0,0.0,0,0,0,0,0,0,0,0
TF,FARAK,45.554167,8.449167,0, ,0.0,0.0,0.0,0.0,0,0,0,0,0,0,0,0
TF,TONDA,45.109167,8.229722,0, ,0.0,0.0,0.0,0.0,0,0,0,0,0,0,0,0
TF,NEDED,44.693889,8.140556,0, ,0.0,0.0,0.0,0.0,2,20000,0,0,0,0,0,0

SID,MMP5H,TOP8X,3
IF,MMP,45.640778,8.734833, ,0.0,0.0,0,0,0,0,0,0,0,0
TF,FARAK,45.554167,8.449167,0, ,0.0,0.0,0.0,0.0,0,0,0,0,0,0,0,0
TF,TONDA,45.109167,8.229722,0, ,0.0,0.0,0.0,0.0,0,0,0,0,0,0,0,0
TF,TOP,44.925417,7.861667,0, ,0.0,0.0,0.0,0.0,0,0,0,0,0,0,0,0

SID,MMP5L,35R,5
CA,0,348.0,2,1170,0,0,0,0,0,0
CF,MC604,45.708897,8.726153,0,MMP,353.9,4.1,358.0,3.0,2,2300,0,0,0,0,0,1
DF,MC608,45.746875,8.798278,2, ,0.0,0.0,2,4000,0,1,220,0,0,0
TF,MC603,45.735725,8.844708,0, ,0.0,0.0,0.0,0.0,0,0,0,0,0,0,0,1
CF,MMP,45.640778,8.734833,2,MMP,0.0,0.0,267.0,5.0,2,6000,0,0,0,0,0,0

SID,MMP5L,AOS8X,6
IF,MMP,45.640778,8.734833, ,0.0,0.0,0,0,0,0,0,0,0,0
TF,MC501,45.574828,8.315631,0, ,0.0,0.0,0.0,0.0,0,0,0,0,0,0,0,0
TF,MC502,45.591406,8.244561,0, ,0.0,0.0,0.0,0.0,2,13500,0,0,0,0,0,0
TF,MC519,45.667697,7.914456,0, ,0.0,0.0,0.0,0.0,2,16000,0,0,0,0,0,0
TF,AOSTA,45.796389,7.345833,0, ,0.0,0.0,0.0,0.0,2,19000,0,0,0,0,0,0

SID,MMP5L,LAG8X,6
IF,MMP,45.640778,8.734833, ,0.0,0.0,0,0,0,0,0,0,0,0
TF,FARAK,45.554167,8.449167,0, ,0.0,0.0,0.0,0.0,0,0,0,0,0,0,0,0
TF,TONDA,45.109167,8.229722,0, ,0.0,0.0,0.0,0.0,0,0,0,0,0,0,0,0
TF,LAGEN,44.394167,8.498056,0, ,0.0,0.0,0.0,0.0,2,11000,0,0,0,0,0,0

SID,MMP5L,NED8X,6
IF,MMP,45.640778,8.734833, ,0.0,0.0,0,0,0,0,0,0,0,0
TF,FARAK,45.554167,8.449167,0, ,0.0,0.0,0.0,0.0,0,0,0,0,0,0,0,0
TF,TONDA,45.109167,8.229722,0, ,0.0,0.0,0.0,0.0,0,0,0,0,0,0,0,0
TF,NEDED,44.693889,8.140556,0, ,0.0,0.0,0.0,0.0,2,20000,0,0,0,0,0,0

SID,MMP5L,TOP8X,6
IF,MMP,45.640778,8.734833, ,0.0,0.0,0,0,0,0,0,0,0,0
TF,FARAK,45.554167,8.449167,0, ,0.0,0.0,0.0,0.0,0,0,0,0,0,0,0,0
TF,TONDA,45.109167,8.229722,0, ,0.0,0.0,0.0,0.0,0,0,0,0,0,0,0,0
TF,TOP,44.925417,7.861667,0, ,0.0,0.0,0.0,0.0,0,0,0,0,0,0,0,0

SID,MMP5M,35R,5
CA,0,348.0,2,1170,0,0,0,0,0,0
CA,0,358.0,2,1300,0,0,0,0,0,0
CF,MC611,45.678972,8.726881,0,MMP,350.7,2.3,358.0,1.0,0,0,0,0,0,0,0,0
TF,MC602,45.694786,8.797300,0, ,0.0,0.0,0.0,0.0,2,3000,0,1,200,0,0,0
TF,MC607,45.714331,8.820067,0, ,0.0,0.0,0.0,0.0,2,3500,0,0,0,0,0,1
CF,MMP,45.640778,8.734833,2,MMP,0.0,0.0,267.0,5.0,2,6000,0,1,220,0,0,0

SID,MMP5M,AOS8X,6
IF,MMP,45.640778,8.734833, ,0.0,0.0,0,0,0,0,0,0,0,0
TF,MC501,45.574828,8.315631,0, ,0.0,0.0,0.0,0.0,0,0,0,0,0,0,0,0
TF,MC502,45.591406,8.244561,0, ,0.0,0.0,0.0,0.0,2,13500,0,0,0,0,0,0
TF,MC519,45.667697,7.914456,0, ,0.0,0.0,0.0,0.0,2,16000,0,0,0,0,0,0
TF,AOSTA,45.796389,7.345833,0, ,0.0,0.0,0.0,0.0,2,19000,0,0,0,0,0,0

SID,MMP5M,LAG8X,6
IF,MMP,45.640778,8.734833, ,0.0,0.0,0,0,0,0,0,0,0,0
TF,FARAK,45.554167,8.449167,0, ,0.0,0.0,0.0,0.0,0,0,0,0,0,0,0,0
TF,TONDA,45.109167,8.229722,0, ,0.0,0.0,0.0,0.0,0,0,0,0,0,0,0,0
TF,LAGEN,44.394167,8.498056,0, ,0.0,0.0,0.0,0.0,2,11000,0,0,0,0,0,0

SID,MMP5M,NED8X,6
IF,MMP,45.640778,8.734833, ,0.0,0.0,0,0,0,0,0,0,0,0
TF,FARAK,45.554167,8.449167,0, ,0.0,0.0,0.0,0.0,0,0,0,0,0,0,0,0
TF,TONDA,45.109167,8.229722,0, ,0.0,0.0,0.0,0.0,0,0,0,0,0,0,0,0
TF,NEDED,44.693889,8.140556,0, ,0.0,0.0,0.0,0.0,2,20000,0,0,0,0,0,0

SID,MMP5M,TOP8X,6
IF,MMP,45.640778,8.734833, ,0.0,0.0,0,0,0,0,0,0,0,0
TF,FARAK,45.554167,8.449167,0, ,0.0,0.0,0.0,0.0,0,0,0,0,0,0,0,0
TF,TONDA,45.109167,8.229722,0, ,0.0,0.0,0.0,0.0,0,0,0,0,0,0,0,0
TF,TOP,44.925417,7.861667,0, ,0.0,0.0,0.0,0.0,0,0,0,0,0,0,0,0

SID,MMP5S,35R,5
CA,0,348.0,2,1170,0,0,0,0,0,0
CA,0,358.0,2,1300,0,0,0,0,0,0
CI,0, ,0.0,70.0,0,0,0,0,0,0,0,0
CF,MC607,45.714331,8.820067,0,MMP,38.1,5.7,38.0,4.0,2,3500,0,1,200,0,0,1
CF,MMP,45.640778,8.734833,2,MMP,0.0,0.0,267.0,5.0,2,6000,0,1,220,0,0,0

SID,MMP5S,AOS8X,6
IF,MMP,45.640778,8.734833, ,0.0,0.0,0,0,0,0,0,0,0,0
TF,MC501,45.574828,8.315631,0, ,0.0,0.0,0.0,0.0,0,0,0,0,0,0,0,0
TF,MC502,45.591406,8.244561,0, ,0.0,0.0,0.0,0.0,2,13500,0,0,0,0,0,0
TF,MC519,45.667697,7.914456,0, ,0.0,0.0,0.0,0.0,2,16000,0,0,0,0,0,0
TF,AOSTA,45.796389,7.345833,0, ,0.0,0.0,0.0,0.0,2,19000,0,0,0,0,0,0

SID,MMP5S,LAG8X,6
IF,MMP,45.640778,8.734833, ,0.0,0.0,0,0,0,0,0,0,0,0
TF,FARAK,45.554167,8.449167,0, ,0.0,0.0,0.0,0.0,0,0,0,0,0,0,0,0
TF,TONDA,45.109167,8.229722,0, ,0.0,0.0,0.0,0.0,0,0,0,0,0,0,0,0
TF,LAGEN,44.394167,8.498056,0, ,0.0,0.0,0.0,0.0,2,11000,0,0,0,0,0,0

SID,MMP5S,NED8X,6
IF,MMP,45.640778,8.734833, ,0.0,0.0,0,0,0,0,0,0,0,0
TF,FARAK,45.554167,8.449167,0, ,0.0,0.0,0.0,0.0,0,0,0,0,0,0,0,0
TF,TONDA,45.109167,8.229722,0, ,0.0,0.0,0.0,0.0,0,0,0,0,0,0,0,0
TF,NEDED,44.693889,8.140556,0, ,0.0,0.0,0.0,0.0,2,20000,0,0,0,0,0,0

SID,MMP5S,TOP8X,6
IF,MMP,45.640778,8.734833, ,0.0,0.0,0,0,0,0,0,0,0,0
TF,FARAK,45.554167,8.449167,0, ,0.0,0.0,0.0,0.0,0,0,0,0,0,0,0,0
TF,TONDA,45.109167,8.229722,0, ,0.0,0.0,0.0,0.0,0,0,0,0,0,0,0,0
TF,TOP,44.925417,7.861667,0, ,0.0,0.0,0.0,0.0,0,0,0,0,0,0,0,0

SID,MMP5W,17L,2
CA,0,168.0,2,1170,0,0,0,0,0,0
CF,MC651,45.524219,8.735228,0,MMP,178.9,7.0,179.0,4.0,2,2000,0,0,0,0,0,1
CF,MC652,45.568111,8.932047,1,MMP,116.6,9.4,38.0,6.0,2,4000,0,0,0,0,0,1
CI,1, ,0.0,297.0,0,0,0,0,0,0,0,0
CF,MMP,45.640778,8.734833,0,MMP,0.0,0.0,267.0,6.0,2,6000,0,0,0,0,0,0

SID,MMP5W,17R,2
CA,0,168.0,2,1170,0,0,0,0,0,0
CF,MC651,45.524219,8.735228,0,MMP,178.9,7.0,179.0,4.0,2,2000,0,0,0,0,0,1
CF,MC652,45.568111,8.932047,1,MMP,116.6,9.4,38.0,6.0,2,4000,0,0,0,0,0,1
CI,1, ,0.0,297.0,0,0,0,0,0,0,0,0
CF,MMP,45.640778,8.734833,0,MMP,0.0,0.0,267.0,6.0,2,6000,0,0,0,0,0,0

SID,MMP5W,AOS9K,3
IF,MMP,45.640778,8.734833, ,0.0,0.0,0,0,0,0,0,0,0,0
TF,NELAB,45.628333,8.406667,0, ,0.0,0.0,0.0,0.0,2,11000,0,0,0,0,0,0
TF,MC517,45.650956,8.267783,0, ,0.0,0.0,0.0,0.0,2,13500,0,0,0,0,0,0
TF,MC518,45.702967,7.943994,0, ,0.0,0.0,0.0,0.0,2,16000,0,0,0,0,0,0
TF,AOSTA,45.796389,7.345833,0, ,0.0,0.0,0.0,0.0,2,19000,0,0,0,0,0,0

SID,MMP5W,LAG8X,3
IF,MMP,45.640778,8.734833, ,0.0,0.0,0,0,0,0,0,0,0,0
TF,FARAK,45.554167,8.449167,0, ,0.0,0.0,0.0,0.0,0,0,0,0,0,0,0,0
TF,TONDA,45.109167,8.229722,0, ,0.0,0.0,0.0,0.0,0,0,0,0,0,0,0,0
TF,LAGEN,44.394167,8.498056,0, ,0.0,0.0,0.0,0.0,2,11000,0,0,0,0,0,0

SID,MMP5W,NED8X,3
IF,MMP,45.640778,8.734833, ,0.0,0.0,0,0,0,0,0,0,0,0
TF,FARAK,45.554167,8.449167,0, ,0.0,0.0,0.0,0.0,0,0,0,0,0,0,0,0
TF,TONDA,45.109167,8.229722,0, ,0.0,0.0,0.0,0.0,0,0,0,0,0,0,0,0
TF,NEDED,44.693889,8.140556,0, ,0.0,0.0,0.0,0.0,2,20000,0,0,0,0,0,0

SID,MMP5W,TOP8X,3
IF,MMP,45.640778,8.734833, ,0.0,0.0,0,0,0,0,0,0,0,0
TF,FARAK,45.554167,8.449167,0, ,0.0,0.0,0.0,0.0,0,0,0,0,0,0,0,0
TF,TONDA,45.109167,8.229722,0, ,0.0,0.0,0.0,0.0,0,0,0,0,0,0,0,0
TF,TOP,44.925417,7.861667,0, ,0.0,0.0,0.0,0.0,0,0,0,0,0,0,0,0

SID,MMP7G,35R,2
CA,0,348.0,2,1170,0,0,0,0,0,0
CD, ,0,0,0,MMP,0,0.0,358.0,4.1,2,2200,0,0,0,0,0,0
VR,0,MMP,11.0,56.0,2,3000,0,0,0,0,0,0
CF,IRKED,45.723889,8.867778,2,SRN,304.9,8.0,125.0,2.0,0,0,0,0,0,0,0,1
CA,0,175.0,2,4000,0,0,0,0,0,0
CF,MMP,45.640778,8.734833,2,MMP,0.0,0.0,267.0,5.0,0,0,0,0,0,0,0,0

SID,MMP7G,AOS8X,3
IF,MMP,45.640778,8.734833, ,0.0,0.0,0,0,0,0,0,0,0,0
TF,MC501,45.574828,8.315631,0, ,0.0,0.0,0.0,0.0,0,0,0,0,0,0,0,0
TF,MC502,45.591406,8.244561,0, ,0.0,0.0,0.0,0.0,2,13500,0,0,0,0,0,0
TF,MC519,45.667697,7.914456,0, ,0.0,0.0,0.0,0.0,2,16000,0,0,0,0,0,0
TF,AOSTA,45.796389,7.345833,0, ,0.0,0.0,0.0,0.0,2,19000,0,0,0,0,0,0

SID,MMP7G,LAG8X,3
IF,MMP,45.640778,8.734833, ,0.0,0.0,0,0,0,0,0,0,0,0
TF,FARAK,45.554167,8.449167,0, ,0.0,0.0,0.0,0.0,0,0,0,0,0,0,0,0
TF,TONDA,45.109167,8.229722,0, ,0.0,0.0,0.0,0.0,0,0,0,0,0,0,0,0
TF,LAGEN,44.394167,8.498056,0, ,0.0,0.0,0.0,0.0,2,11000,0,0,0,0,0,0

SID,MMP7G,NED8X,3
IF,MMP,45.640778,8.734833, ,0.0,0.0,0,0,0,0,0,0,0,0
TF,FARAK,45.554167,8.449167,0, ,0.0,0.0,0.0,0.0,0,0,0,0,0,0,0,0
TF,TONDA,45.109167,8.229722,0, ,0.0,0.0,0.0,0.0,0,0,0,0,0,0,0,0
TF,NEDED,44.693889,8.140556,0, ,0.0,0.0,0.0,0.0,2,20000,0,0,0,0,0,0

SID,MMP7G,TOP8X,3
IF,MMP,45.640778,8.734833, ,0.0,0.0,0,0,0,0,0,0,0,0
TF,FARAK,45.554167,8.449167,0, ,0.0,0.0,0.0,0.0,0,0,0,0,0,0,0,0
TF,TONDA,45.109167,8.229722,0, ,0.0,0.0,0.0,0.0,0,0,0,0,0,0,0,0
TF,TOP,44.925417,7.861667,0, ,0.0,0.0,0.0,0.0,0,0,0,0,0,0,0,0

SID,NELA6C,35L,2
CA,0,340.0,2,1200,0,0,0,0,0,0
CI,1, ,0.0,250.0,0,0,0,0,0,0,0,0
CF,D280I,45.669200,8.524858,0,MMP,280.0,9.0,280.0,7.0,2,4500,0,0,0,0,0,1
CF,NELAB,45.628333,8.406667,0,MMP,266.0,13.8,237.0,5.0,2,11000,0,0,0,0,0,0

SID,NELA6C,AOS6L,3
IF,NELAB,45.628333,8.406667, ,0.0,0.0,2,11000,0,0,0,0,0,0
TF,MC501,45.574828,8.315631,0, ,0.0,0.0,0.0,0.0,0,0,0,0,0,0,0,0
TF,MC502,45.591406,8.244561,0, ,0.0,0.0,0.0,0.0,2,13500,0,0,0,0,0,0
TF,MC519,45.667697,7.914456,0, ,0.0,0.0,0.0,0.0,2,16000,0,0,0,0,0,0
TF,AOSTA,45.796389,7.345833,0, ,0.0,0.0,0.0,0.0,2,19000,0,0,0,0,0,0

SID,NELA6L,35L,5
CA,0,348.0,2,1160,0,0,0,0,0,0
CA,0,340.0,2,1200,0,0,0,0,0,0
CF,MC623,45.679617,8.689956,0,MMP,320.0,3.0,320.0,1.0,2,1800,0,1,210,0,0,0
TF,MC624,45.718442,8.645011,0, ,0.0,0.0,0.0,0.0,2,3000,0,0,0,0,0,0
TF,MC628,45.748081,8.610550,0, ,0.0,0.0,0.0,0.0,0,0,0,0,0,0,0,0
TF,NELAB,45.628333,8.406667,1, ,0.0,0.0,0.0,0.0,2,11000,0,1,220,0,0,0

SID,NELA6L,AOS6L,6
IF,NELAB,45.628333,8.406667, ,0.0,0.0,2,11000,0,0,0,0,0,0
TF,MC501,45.574828,8.315631,0, ,0.0,0.0,0.0,0.0,0,0,0,0,0,0,0,0
TF,MC502,45.591406,8.244561,0, ,0.0,0.0,0.0,0.0,2,13500,0,0,0,0,0,0
TF,MC519,45.667697,7.914456,0, ,0.0,0.0,0.0,0.0,2,16000,0,0,0,0,0,0
TF,AOSTA,45.796389,7.345833,0, ,0.0,0.0,0.0,0.0,2,19000,0,0,0,0,0,0

SID,NELA6M,35L,5
CA,0,348.0,2,1160,0,0,0,0,0,0
CA,0,340.0,2,1200,0,0,0,0,0,0
CF,MC622,45.673542,8.681044,0,MMP,310.0,3.0,310.0,1.0,2,1800,0,1,210,0,0,0
TF,MC626,45.706303,8.627161,0, ,0.0,0.0,0.0,0.0,2,3100,0,0,0,0,0,0
TF,MC629,45.732494,8.583889,0, ,0.0,0.0,0.0,0.0,0,0,0,0,0,0,0,0
TF,NELAB,45.628333,8.406667,0, ,0.0,0.0,0.0,0.0,2,11000,0,1,220,0,0,0

SID,NELA6M,AOS6L,6
IF,NELAB,45.628333,8.406667, ,0.0,0.0,2,11000,0,0,0,0,0,0
TF,MC501,45.574828,8.315631,0, ,0.0,0.0,0.0,0.0,0,0,0,0,0,0,0,0
TF,MC502,45.591406,8.244561,0, ,0.0,0.0,0.0,0.0,2,13500,0,0,0,0,0,0
TF,MC519,45.667697,7.914456,0, ,0.0,0.0,0.0,0.0,2,16000,0,0,0,0,0,0
TF,AOSTA,45.796389,7.345833,0, ,0.0,0.0,0.0,0.0,2,19000,0,0,0,0,0,0

SID,NELA6S,35L,5
CA,0,348.0,2,1160,0,0,0,0,0,0
CA,0,340.0,2,1200,0,0,0,0,0,0
CI,0, ,0.0,250.0,0,0,0,0,0,0,0,0
CF,MC627,45.669175,8.524994,0,MMP,280.0,9.0,280.0,7.0,2,4500,0,1,200,0,0,0
TF,MC631,45.674528,8.484964,0, ,0.0,0.0,0.0,0.0,0,0,0,0,0,0,0,0
TF,NELAB,45.628333,8.406667,0, ,0.0,0.0,0.0,0.0,2,11000,0,1,210,0,0,0

SID,NELA6S,AOS6L,6
IF,NELAB,45.628333,8.406667, ,0.0,0.0,2,11000,0,0,0,0,0,0
TF,MC501,45.574828,8.315631,0, ,0.0,0.0,0.0,0.0,0,0,0,0,0,0,0,0
TF,MC502,45.591406,8.244561,0, ,0.0,0.0,0.0,0.0,2,13500,0,0,0,0,0,0
TF,MC519,45.667697,7.914456,0, ,0.0,0.0,0.0,0.0,2,16000,0,0,0,0,0,0
TF,AOSTA,45.796389,7.345833,0, ,0.0,0.0,0.0,0.0,2,19000,0,0,0,0,0,0

SID,NELA6X,17L,2
CA,0,168.0,2,1170,0,0,0,0,0,0
FA,MMP,45.640778,8.734833,0,MMP,0.0,0.0,179.0,2,1500,0,0,0,0,0,0
CF,NELAB,45.628333,8.406667,2,SRN,266.9,25.9,288.0,12.0,2,11000,0,1,210,0,0,0

SID,NELA6X,17R,2
CA,0,168.0,2,1170,0,0,0,0,0,0
FA,MMP,45.640778,8.734833,0,MMP,0.0,0.0,179.0,2,1500,0,0,0,0,0,0
CF,NELAB,45.628333,8.406667,2,SRN,266.9,25.9,288.0,12.0,2,11000,0,1,210,0,0,0

SID,NELA6X,AOS9J,3
IF,NELAB,45.628333,8.406667, ,0.0,0.0,2,11000,0,0,0,0,0,0
TF,MC517,45.650956,8.267783,0, ,0.0,0.0,0.0,0.0,2,13500,0,0,0,0,0,0
TF,MC518,45.702967,7.943994,0, ,0.0,0.0,0.0,0.0,2,16000,0,0,0,0,0,0
TF,AOSTA,45.796389,7.345833,0, ,0.0,0.0,0.0,0.0,2,19000,0,0,0,0,0,0

SID,NOV7Y,17L,2
CA,0,168.0,2,1170,0,0,0,0,0,0
CF,MC651,45.524219,8.735228,0,MMP,178.9,7.0,179.0,4.0,2,2000,0,0,0,0,0,0
TF,NOV,45.424167,8.793833,0, ,0.0,0.0,0.0,0.0,2,3000,0,0,0,0,0,0

SID,NOV7Y,17R,2
CA,0,168.0,2,1170,0,0,0,0,0,0
CF,MC651,45.524219,8.735228,0,MMP,178.9,7.0,179.0,4.0,2,2000,0,0,0,0,0,0
TF,NOV,45.424167,8.793833,0, ,0.0,0.0,0.0,0.0,2,3000,0,0,0,0,0,0

SID,NOV7Y,EKP5Z,3
IF,NOV,45.424167,8.793833, ,0.0,0.0,0,0,0,0,0,0,0,0
TF,MC511,45.004064,9.848842,0, ,0.0,0.0,0.0,0.0,2,9000,0,0,0,0,0,0
TF,EKPAL,44.484167,10.162500,0, ,0.0,0.0,0.0,0.0,2,19500,0,0,0,0,0,0

SID,NOV7Y,LES9Z,3
IF,NOV,45.424167,8.793833, ,0.0,0.0,0,0,0,0,0,0,0,0
TF,MC509,45.059631,8.803525,0, ,0.0,0.0,0.0,0.0,2,9000,0,0,0,0,0,0
TF,LESAN,44.775000,8.812222,0, ,0.0,0.0,0.0,0.0,2,11000,0,0,0,0,0,0

SID,NOV7Y,LOG5Z,3
IF,NOV,45.424167,8.793833, ,0.0,0.0,0,0,0,0,0,0,0,0
TF,MC511,45.004064,9.848842,0, ,0.0,0.0,0.0,0.0,2,9000,0,0,0,0,0,0
TF,LOGDI,44.713056,10.196111,0, ,0.0,0.0,0.0,0.0,0,0,0,0,0,0,0,0

SID,NOV7Y,OSB5Z,3
IF,NOV,45.424167,8.793833, ,0.0,0.0,0,0,0,0,0,0,0,0
TF,MC511,45.004064,9.848842,0, ,0.0,0.0,0.0,0.0,2,9000,0,0,0,0,0,0
TF,OSBUL,44.822222,10.293333,0, ,0.0,0.0,0.0,0.0,0,0,0,0,0,0,0,0

SID,NOV7Y,PIK5Z,3
IF,NOV,45.424167,8.793833, ,0.0,0.0,0,0,0,0,0,0,0,0
TF,PIKOT,45.186944,9.737222,0, ,0.0,0.0,0.0,0.0,2,9000,0,0,0,0,0,0

SID,NOV7Y,VOG5Z,3
IF,NOV,45.424167,8.793833, ,0.0,0.0,0,0,0,0,0,0,0,0
TF,VOG,44.964528,8.970194,0, ,0.0,0.0,0.0,0.0,2,9000,0,0,0,0,0,0

SID,SRN5H,35R,2
CA,0,348.0,2,1170,0,0,0,0,0,0
CA,0,358.0,2,1300,0,0,0,0,0,0
CF,D038E,45.705500,8.809667,0,MMP,38.0,5.0,70.0,4.0,2,3000,0,0,0,0,0,1
CF,SRN,45.645972,9.021583,0,MMP,87.4,12.1,125.0,8.0,2,6000,0,0,0,0,0,0

SID,SRN5H,ABE9Q,3
IF,SRN,45.645972,9.021583, ,0.0,0.0,0,0,0,0,0,0,0,0
TF,OLPUR,45.648333,9.619167,0, ,0.0,0.0,0.0,0.0,2,12500,0,0,0,0,0,1
CF,ADARI,45.844722,9.419444,1,BEG,309.9,16.1,310.0,13.0,2,14000,0,0,0,0,0,0
TF,NIKMO,45.992778,9.173056,0, ,0.0,0.0,0.0,0.0,0,0,0,0,0,0,0,0
TF,ABESI,46.159722,9.042778,0, ,0.0,0.0,0.0,0.0,2,15000,0,0,0,0,0,0

SID,SRN5H,CAN9Q,3
IF,SRN,45.645972,9.021583, ,0.0,0.0,0,0,0,0,0,0,0,0
TF,OLPUR,45.648333,9.619167,0, ,0.0,0.0,0.0,0.0,2,12500,0,0,0,0,0,1
CF,ADARI,45.844722,9.419444,1,BEG,309.9,16.1,310.0,13.0,2,14000,0,0,0,0,0,0
TF,NIKMO,45.992778,9.173056,0, ,0.0,0.0,0.0,0.0,0,0,0,0,0,0,0,0
TF,CANNE,46.166667,8.881111,0, ,0.0,0.0,0.0,0.0,2,15000,0,0,0,0,0,0

SID,SRN5H,EKP5Q,3
IF,SRN,45.645972,9.021583, ,0.0,0.0,0,0,0,0,0,0,0,0
TF,PIKOT,45.186944,9.737222,0, ,0.0,0.0,0.0,0.0,2,9000,0,0,0,0,0,0
TF,EKPAL,44.484167,10.162500,0, ,0.0,0.0,0.0,0.0,2,19500,0,0,0,0,0,0

SID,SRN5H,LOG5Q,3
IF,SRN,45.645972,9.021583, ,0.0,0.0,0,0,0,0,0,0,0,0
TF,PIKOT,45.186944,9.737222,0, ,0.0,0.0,0.0,0.0,2,9000,0,0,0,0,0,0
TF,LOGDI,44.713056,10.196111,0, ,0.0,0.0,0.0,0.0,0,0,0,0,0,0,0,0

SID,SRN5H,OSB5Q,3
IF,SRN,45.645972,9.021583, ,0.0,0.0,0,0,0,0,0,0,0,0
TF,PIKOT,45.186944,9.737222,0, ,0.0,0.0,0.0,0.0,2,9000,0,0,0,0,0,0
TF,OSBUL,44.822222,10.293333,0, ,0.0,0.0,0.0,0.0,0,0,0,0,0,0,0,0

SID,SRN5H,OSK5Q,3
IF,SRN,45.645972,9.021583, ,0.0,0.0,0,0,0,0,0,0,0,0
TF,ORI,45.643778,9.841667,0, ,0.0,0.0,0.0,0.0,2,9500,0,0,0,0,0,0
TF,OSKOR,45.649167,10.116667,0, ,0.0,0.0,0.0,0.0,2,12500,0,0,0,0,0,0

SID,SRN5H,PIK5Q,3
IF,SRN,45.645972,9.021583, ,0.0,0.0,0,0,0,0,0,0,0,0
TF,PIKOT,45.186944,9.737222,0, ,0.0,0.0,0.0,0.0,2,9000,0,0,0,0,0,0

SID,SRN5H,VAK8Q,3
IF,SRN,45.645972,9.021583, ,0.0,0.0,0,0,0,0,0,0,0,0
TF,TZO,45.559250,9.507083,0, ,0.0,0.0,0.0,0.0,0,0,0,0,0,0,0,0
TF,VAKON,45.478056,10.000000,0, ,0.0,0.0,0.0,0.0,2,11000,0,0,0,0,0,0

SID,SRN5L,35R,5
CA,0,348.0,2,1170,0,0,0,0,0,0
CF,MC604,45.708897,8.726153,0,MMP,353.9,4.1,358.0,3.0,2,2300,0,0,0,0,0,1
DF,MC608,45.746875,8.798278,2, ,0.0,0.0,2,4000,0,1,220,0,0,0
TF,MC603,45.735725,8.844708,0, ,0.0,0.0,0.0,0.0,0,0,0,0,0,0,0,0
TF,SRN,45.645972,9.021583,0, ,0.0,0.0,0.0,0.0,2,6000,0,0,0,0,0,0

SID,SRN5L,ABE9Q,6
IF,SRN,45.645972,9.021583, ,0.0,0.0,0,0,0,0,0,0,0,0
TF,OLPUR,45.648333,9.619167,0, ,0.0,0.0,0.0,0.0,2,12500,0,0,0,0,0,1
CF,ADARI,45.844722,9.419444,1,BEG,309.9,16.1,310.0,13.0,2,14000,0,0,0,0,0,0
TF,NIKMO,45.992778,9.173056,0, ,0.0,0.0,0.0,0.0,0,0,0,0,0,0,0,0
TF,ABESI,46.159722,9.042778,0, ,0.0,0.0,0.0,0.0,2,15000,0,0,0,0,0,0

SID,SRN5L,CAN9Q,6
IF,SRN,45.645972,9.021583, ,0.0,0.0,0,0,0,0,0,0,0,0
TF,OLPUR,45.648333,9.619167,0, ,0.0,0.0,0.0,0.0,2,12500,0,0,0,0,0,1
CF,ADARI,45.844722,9.419444,1,BEG,309.9,16.1,310.0,13.0,2,14000,0,0,0,0,0,0
TF,NIKMO,45.992778,9.173056,0, ,0.0,0.0,0.0,0.0,0,0,0,0,0,0,0,0
TF,CANNE,46.166667,8.881111,0, ,0.0,0.0,0.0,0.0,2,15000,0,0,0,0,0,0

SID,SRN5L,EKP5Q,6
IF,SRN,45.645972,9.021583, ,0.0,0.0,0,0,0,0,0,0,0,0
TF,PIKOT,45.186944,9.737222,0, ,0.0,0.0,0.0,0.0,2,9000,0,0,0,0,0,0
TF,EKPAL,44.484167,10.162500,0, ,0.0,0.0,0.0,0.0,2,19500,0,0,0,0,0,0

SID,SRN5L,LOG5Q,6
IF,SRN,45.645972,9.021583, ,0.0,0.0,0,0,0,0,0,0,0,0
TF,PIKOT,45.186944,9.737222,0, ,0.0,0.0,0.0,0.0,2,9000,0,0,0,0,0,0
TF,LOGDI,44.713056,10.196111,0, ,0.0,0.0,0.0,0.0,0,0,0,0,0,0,0,0

SID,SRN5L,OSB5Q,6
IF,SRN,45.645972,9.021583, ,0.0,0.0,0,0,0,0,0,0,0,0
TF,PIKOT,45.186944,9.737222,0, ,0.0,0.0,0.0,0.0,2,9000,0,0,0,0,0,0
TF,OSBUL,44.822222,10.293333,0, ,0.0,0.0,0.0,0.0,0,0,0,0,0,0,0,0

SID,SRN5L,OSK5Q,6
IF,SRN,45.645972,9.021583, ,0.0,0.0,0,0,0,0,0,0,0,0
TF,ORI,45.643778,9.841667,0, ,0.0,0.0,0.0,0.0,2,9500,0,0,0,0,0,0
TF,OSKOR,45.649167,10.116667,0, ,0.0,0.0,0.0,0.0,2,12500,0,0,0,0,0,0

SID,SRN5L,PIK5Q,6
IF,SRN,45.645972,9.021583, ,0.0,0.0,0,0,0,0,0,0,0,0
TF,PIKOT,45.186944,9.737222,0, ,0.0,0.0,0.0,0.0,2,9000,0,0,0,0,0,0

SID,SRN5L,VAK8Q,6
IF,SRN,45.645972,9.021583, ,0.0,0.0,0,0,0,0,0,0,0,0
TF,TZO,45.559250,9.507083,0, ,0.0,0.0,0.0,0.0,0,0,0,0,0,0,0,0
TF,VAKON,45.478056,10.000000,0, ,0.0,0.0,0.0,0.0,2,11000,0,0,0,0,0,0

SID,SRN5M,35R,5
CA,0,348.0,2,1170,0,0,0,0,0,0
CA,0,358.0,2,1300,0,0,0,0,0,0
CF,MC611,45.678972,8.726881,0,MMP,350.7,2.3,358.0,1.0,0,0,0,0,0,0,0,0
TF,MC602,45.694786,8.797300,0, ,0.0,0.0,0.0,0.0,2,3000,0,1,200,0,0,0
TF,MC603,45.735725,8.844708,0, ,0.0,0.0,0.0,0.0,0,0,0,0,0,0,0,0
TF,SRN,45.645972,9.021583,0, ,0.0,0.0,0.0,0.0,2,6000,0,1,220,0,0,0

SID,SRN5M,ABE9Q,6
IF,SRN,45.645972,9.021583, ,0.0,0.0,0,0,0,0,0,0,0,0
TF,OLPUR,45.648333,9.619167,0, ,0.0,0.0,0.0,0.0,2,12500,0,0,0,0,0,1
CF,ADARI,45.844722,9.419444,1,BEG,309.9,16.1,310.0,13.0,2,14000,0,0,0,0,0,0
TF,NIKMO,45.992778,9.173056,0, ,0.0,0.0,0.0,0.0,0,0,0,0,0,0,0,0
TF,ABESI,46.159722,9.042778,0, ,0.0,0.0,0.0,0.0,2,15000,0,0,0,0,0,0

SID,SRN5M,CAN9Q,6
IF,SRN,45.645972,9.021583, ,0.0,0.0,0,0,0,0,0,0,0,0
TF,OLPUR,45.648333,9.619167,0, ,0.0,0.0,0.0,0.0,2,12500,0,0,0,0,0,1
CF,ADARI,45.844722,9.419444,1,BEG,309.9,16.1,310.0,13.0,2,14000,0,0,0,0,0,0
TF,NIKMO,45.992778,9.173056,0, ,0.0,0.0,0.0,0.0,0,0,0,0,0,0,0,0
TF,CANNE,46.166667,8.881111,0, ,0.0,0.0,0.0,0.0,2,15000,0,0,0,0,0,0

SID,SRN5M,EKP5Q,6
IF,SRN,45.645972,9.021583, ,0.0,0.0,0,0,0,0,0,0,0,0
TF,PIKOT,45.186944,9.737222,0, ,0.0,0.0,0.0,0.0,2,9000,0,0,0,0,0,0
TF,EKPAL,44.484167,10.162500,0, ,0.0,0.0,0.0,0.0,2,19500,0,0,0,0,0,0

SID,SRN5M,LOG5Q,6
IF,SRN,45.645972,9.021583, ,0.0,0.0,0,0,0,0,0,0,0,0
TF,PIKOT,45.186944,9.737222,0, ,0.0,0.0,0.0,0.0,2,9000,0,0,0,0,0,0
TF,LOGDI,44.713056,10.196111,0, ,0.0,0.0,0.0,0.0,0,0,0,0,0,0,0,0

SID,SRN5M,OSB5Q,6
IF,SRN,45.645972,9.021583, ,0.0,0.0,0,0,0,0,0,0,0,0
TF,PIKOT,45.186944,9.737222,0, ,0.0,0.0,0.0,0.0,2,9000,0,0,0,0,0,0
TF,OSBUL,44.822222,10.293333,0, ,0.0,0.0,0.0,0.0,0,0,0,0,0,0,0,0

SID,SRN5M,OSK5Q,6
IF,SRN,45.645972,9.021583, ,0.0,0.0,0,0,0,0,0,0,0,0
TF,ORI,45.643778,9.841667,0, ,0.0,0.0,0.0,0.0,2,9500,0,0,0,0,0,0
TF,OSKOR,45.649167,10.116667,0, ,0.0,0.0,0.0,0.0,2,12500,0,0,0,0,0,0

SID,SRN5M,PIK5Q,6
IF,SRN,45.645972,9.021583, ,0.0,0.0,0,0,0,0,0,0,0,0
TF,PIKOT,45.186944,9.737222,0, ,0.0,0.0,0.0,0.0,2,9000,0,0,0,0,0,0

SID,SRN5M,VAK8Q,6
IF,SRN,45.645972,9.021583, ,0.0,0.0,0,0,0,0,0,0,0,0
TF,TZO,45.559250,9.507083,0, ,0.0,0.0,0.0,0.0,0,0,0,0,0,0,0,0
TF,VAKON,45.478056,10.000000,0, ,0.0,0.0,0.0,0.0,2,11000,0,0,0,0,0,0

SID,SRN5S,35R,5
CA,0,348.0,2,1170,0,0,0,0,0,0
CA,0,358.0,2,1300,0,0,0,0,0,0
CI,0, ,0.0,70.0,0,0,0,0,0,0,0,0
CF,MC607,45.714331,8.820067,0,MMP,38.1,5.7,38.0,4.0,2,3500,0,1,200,0,0,0
TF,MC603,45.735725,8.844708,0, ,0.0,0.0,0.0,0.0,0,0,0,0,0,0,0,0
TF,SRN,45.645972,9.021583,0, ,0.0,0.0,0.0,0.0,2,6000,0,1,220,0,0,0

SID,SRN5S,ABE9Q,6
IF,SRN,45.645972,9.021583, ,0.0,0.0,0,0,0,0,0,0,0,0
TF,OLPUR,45.648333,9.619167,0, ,0.0,0.0,0.0,0.0,2,12500,0,0,0,0,0,1
CF,ADARI,45.844722,9.419444,1,BEG,309.9,16.1,310.0,13.0,2,14000,0,0,0,0,0,0
TF,NIKMO,45.992778,9.173056,0, ,0.0,0.0,0.0,0.0,0,0,0,0,0,0,0,0
TF,ABESI,46.159722,9.042778,0, ,0.0,0.0,0.0,0.0,2,15000,0,0,0,0,0,0

SID,SRN5S,CAN9Q,6
IF,SRN,45.645972,9.021583, ,0.0,0.0,0,0,0,0,0,0,0,0
TF,OLPUR,45.648333,9.619167,0, ,0.0,0.0,0.0,0.0,2,12500,0,0,0,0,0,1
CF,ADARI,45.844722,9.419444,1,BEG,309.9,16.1,310.0,13.0,2,14000,0,0,0,0,0,0
TF,NIKMO,45.992778,9.173056,0, ,0.0,0.0,0.0,0.0,0,0,0,0,0,0,0,0
TF,CANNE,46.166667,8.881111,0, ,0.0,0.0,0.0,0.0,2,15000,0,0,0,0,0,0

SID,SRN5S,EKP5Q,6
IF,SRN,45.645972,9.021583, ,0.0,0.0,0,0,0,0,0,0,0,0
TF,PIKOT,45.186944,9.737222,0, ,0.0,0.0,0.0,0.0,2,9000,0,0,0,0,0,0
TF,EKPAL,44.484167,10.162500,0, ,0.0,0.0,0.0,0.0,2,19500,0,0,0,0,0,0

SID,SRN5S,LOG5Q,6
IF,SRN,45.645972,9.021583, ,0.0,0.0,0,0,0,0,0,0,0,0
TF,PIKOT,45.186944,9.737222,0, ,0.0,0.0,0.0,0.0,2,9000,0,0,0,0,0,0
TF,LOGDI,44.713056,10.196111,0, ,0.0,0.0,0.0,0.0,0,0,0,0,0,0,0,0

SID,SRN5S,OSB5Q,6
IF,SRN,45.645972,9.021583, ,0.0,0.0,0,0,0,0,0,0,0,0
TF,PIKOT,45.186944,9.737222,0, ,0.0,0.0,0.0,0.0,2,9000,0,0,0,0,0,0
TF,OSBUL,44.822222,10.293333,0, ,0.0,0.0,0.0,0.0,0,0,0,0,0,0,0,0

SID,SRN5S,OSK5Q,6
IF,SRN,45.645972,9.021583, ,0.0,0.0,0,0,0,0,0,0,0,0
TF,ORI,45.643778,9.841667,0, ,0.0,0.0,0.0,0.0,2,9500,0,0,0,0,0,0
TF,OSKOR,45.649167,10.116667,0, ,0.0,0.0,0.0,0.0,2,12500,0,0,0,0,0,0

SID,SRN5S,PIK5Q,6
IF,SRN,45.645972,9.021583, ,0.0,0.0,0,0,0,0,0,0,0,0
TF,PIKOT,45.186944,9.737222,0, ,0.0,0.0,0.0,0.0,2,9000,0,0,0,0,0,0

SID,SRN5S,VAK8Q,6
IF,SRN,45.645972,9.021583, ,0.0,0.0,0,0,0,0,0,0,0,0
TF,TZO,45.559250,9.507083,0, ,0.0,0.0,0.0,0.0,0,0,0,0,0,0,0,0
TF,VAKON,45.478056,10.000000,0, ,0.0,0.0,0.0,0.0,2,11000,0,0,0,0,0,0

SID,SRN5W,17L,2
CA,0,168.0,2,1170,0,0,0,0,0,0
CF,MC651,45.524219,8.735228,0,MMP,178.9,7.0,179.0,4.0,2,2000,0,0,0,0,0,1
CF,MC652,45.568111,8.932047,1,MMP,116.6,9.4,38.0,6.0,2,4000,0,0,0,0,0,0
TF,SRN,45.645972,9.021583,0, ,0.0,0.0,0.0,0.0,2,6000,0,0,0,0,0,0

SID,SRN5W,17R,2
CA,0,168.0,2,1170,0,0,0,0,0,0
CF,MC651,45.524219,8.735228,0,MMP,178.9,7.0,179.0,4.0,2,2000,0,0,0,0,0,1
CF,MC652,45.568111,8.932047,1,MMP,116.6,9.4,38.0,6.0,2,4000,0,0,0,0,0,0
TF,SRN,45.645972,9.021583,0, ,0.0,0.0,0.0,0.0,2,6000,0,0,0,0,0,0

SID,SRN5W,ABE9Q,3
IF,SRN,45.645972,9.021583, ,0.0,0.0,0,0,0,0,0,0,0,0
TF,OLPUR,45.648333,9.619167,0, ,0.0,0.0,0.0,0.0,2,12500,0,0,0,0,0,1
CF,ADARI,45.844722,9.419444,1,MMP,65.7,31.3,310.0,13.0,2,14000,0,0,0,0,0,0
TF,NIKMO,45.992778,9.173056,0, ,0.0,0.0,0.0,0.0,0,0,0,0,0,0,0,0
TF,ABESI,46.159722,9.042778,0, ,0.0,0.0,0.0,0.0,2,15000,0,0,0,0,0,0

SID,SRN5W,CAN9Q,3
IF,SRN,45.645972,9.021583, ,0.0,0.0,0,0,0,0,0,0,0,0
TF,OLPUR,45.648333,9.619167,0, ,0.0,0.0,0.0,0.0,2,12500,0,0,0,0,0,1
CF,ADARI,45.844722,9.419444,1,MMP,65.7,31.3,310.0,13.0,2,14000,0,0,0,0,0,0
TF,NIKMO,45.992778,9.173056,0, ,0.0,0.0,0.0,0.0,0,0,0,0,0,0,0,0
TF,CANNE,46.166667,8.881111,0, ,0.0,0.0,0.0,0.0,2,15000,0,0,0,0,0,0

SID,SRN5W,OSK5Q,3
IF,SRN,45.645972,9.021583, ,0.0,0.0,0,0,0,0,0,0,0,0
TF,ORI,45.643778,9.841667,0, ,0.0,0.0,0.0,0.0,2,9500,0,0,0,0,0,0
TF,OSKOR,45.649167,10.116667,0, ,0.0,0.0,0.0,0.0,2,12500,0,0,0,0,0,0

SID,SRN5W,VAK8Q,3
IF,SRN,45.645972,9.021583, ,0.0,0.0,0,0,0,0,0,0,0,0
TF,TZO,45.559250,9.507083,0, ,0.0,0.0,0.0,0.0,0,0,0,0,0,0,0,0
TF,VAKON,45.478056,10.000000,0, ,0.0,0.0,0.0,0.0,2,11000,0,0,0,0,0,0

SID,SRN7G,35R,2
CA,0,348.0,2,1170,0,0,0,0,0,0
CD, ,0,0,0,MMP,0,0.0,358.0,4.1,2,2200,0,0,0,0,0,0
VR,0,MMP,11.0,56.0,2,3000,0,0,0,0,0,0
CF,SRN,45.645972,9.021583,2,SRN,0.0,0.0,125.0,10.0,2,6000,0,0,0,0,0,0

SID,SRN7G,ABE9Q,3
IF,SRN,45.645972,9.021583, ,0.0,0.0,0,0,0,0,0,0,0,0
TF,OLPUR,45.648333,9.619167,0, ,0.0,0.0,0.0,0.0,2,12500,0,0,0,0,0,1
CF,ADARI,45.844722,9.419444,1,BEG,309.9,16.1,310.0,13.0,2,14000,0,0,0,0,0,0
TF,NIKMO,45.992778,9.173056,0, ,0.0,0.0,0.0,0.0,0,0,0,0,0,0,0,0
TF,ABESI,46.159722,9.042778,0, ,0.0,0.0,0.0,0.0,2,15000,0,0,0,0,0,0

SID,SRN7G,CAN9Q,3
IF,SRN,45.645972,9.021583, ,0.0,0.0,0,0,0,0,0,0,0,0
TF,OLPUR,45.648333,9.619167,0, ,0.0,0.0,0.0,0.0,2,12500,0,0,0,0,0,1
CF,ADARI,45.844722,9.419444,1,BEG,309.9,16.1,310.0,13.0,2,14000,0,0,0,0,0,0
TF,NIKMO,45.992778,9.173056,0, ,0.0,0.0,0.0,0.0,0,0,0,0,0,0,0,0
TF,CANNE,46.166667,8.881111,0, ,0.0,0.0,0.0,0.0,2,15000,0,0,0,0,0,0

SID,SRN7G,EKP5Q,3
IF,SRN,45.645972,9.021583, ,0.0,0.0,0,0,0,0,0,0,0,0
TF,PIKOT,45.186944,9.737222,0, ,0.0,0.0,0.0,0.0,2,9000,0,0,0,0,0,0
TF,EKPAL,44.484167,10.162500,0, ,0.0,0.0,0.0,0.0,2,19500,0,0,0,0,0,0

SID,SRN7G,LOG5Q,3
IF,SRN,45.645972,9.021583, ,0.0,0.0,0,0,0,0,0,0,0,0
TF,PIKOT,45.186944,9.737222,0, ,0.0,0.0,0.0,0.0,2,9000,0,0,0,0,0,0
TF,LOGDI,44.713056,10.196111,0, ,0.0,0.0,0.0,0.0,0,0,0,0,0,0,0,0

SID,SRN7G,OSB5Q,3
IF,SRN,45.645972,9.021583, ,0.0,0.0,0,0,0,0,0,0,0,0
TF,PIKOT,45.186944,9.737222,0, ,0.0,0.0,0.0,0.0,2,9000,0,0,0,0,0,0
TF,OSBUL,44.822222,10.293333,0, ,0.0,0.0,0.0,0.0,0,0,0,0,0,0,0,0

SID,SRN7G,OSK5Q,3
IF,SRN,45.645972,9.021583, ,0.0,0.0,0,0,0,0,0,0,0,0
TF,ORI,45.643778,9.841667,0, ,0.0,0.0,0.0,0.0,2,9500,0,0,0,0,0,0
TF,OSKOR,45.649167,10.116667,0, ,0.0,0.0,0.0,0.0,2,12500,0,0,0,0,0,0

SID,SRN7G,PIK5Q,3
IF,SRN,45.645972,9.021583, ,0.0,0.0,0,0,0,0,0,0,0,0
TF,PIKOT,45.186944,9.737222,0, ,0.0,0.0,0.0,0.0,2,9000,0,0,0,0,0,0

SID,SRN7G,VAK8Q,3
IF,SRN,45.645972,9.021583, ,0.0,0.0,0,0,0,0,0,0,0,0
TF,TZO,45.559250,9.507083,0, ,0.0,0.0,0.0,0.0,0,0,0,0,0,0,0,0
TF,VAKON,45.478056,10.000000,0, ,0.0,0.0,0.0,0.0,2,11000,0,0,0,0,0,0

SID,TELV5H,35R,2
CA,0,348.0,2,1170,0,0,0,0,0,0
CA,0,358.0,2,1300,0,0,0,0,0,0
CF,D038E,45.705500,8.809667,0,MMP,38.0,5.0,70.0,4.0,2,3000,0,0,0,0,0,1
CF,VOG38,45.596344,8.910069,2,VOG,357.2,38.0,175.0,5.0,0,0,0,0,0,0,0,0
TF,TELVA,45.501667,8.919167,0, ,0.0,0.0,0.0,0.0,2,10000,0,0,0,0,0,0

SID,TELV5H,EKP5J,3
IF,TELVA,45.501667,8.919167, ,0.0,0.0,2,10000,0,0,0,0,0,0
TF,COD,45.226278,9.541194,0, ,0.0,0.0,0.0,0.0,0,0,0,0,0,0,0,0
TF,PIKOT,45.186944,9.737222,0, ,0.0,0.0,0.0,0.0,0,0,0,0,0,0,0,0
TF,EKPAL,44.484167,10.162500,0, ,0.0,0.0,0.0,0.0,2,19500,0,0,0,0,0,0

SID,TELV5H,OSB5J,3
IF,TELVA,45.501667,8.919167, ,0.0,0.0,2,10000,0,0,0,0,0,0
TF,COD,45.226278,9.541194,0, ,0.0,0.0,0.0,0.0,0,0,0,0,0,0,0,0
TF,PIKOT,45.186944,9.737222,0, ,0.0,0.0,0.0,0.0,0,0,0,0,0,0,0,0
TF,OSBUL,44.822222,10.293333,0, ,0.0,0.0,0.0,0.0,0,0,0,0,0,0,0,0

SID,TELV5H,OSK9J,3
IF,TELVA,45.501667,8.919167, ,0.0,0.0,2,10000,0,0,0,0,0,0
TF,LIN,45.461250,9.275278,0, ,0.0,0.0,0.0,0.0,0,0,0,0,0,0,0,0
TF,TZO,45.559250,9.507083,0, ,0.0,0.0,0.0,0.0,0,0,0,0,0,0,0,0
TF,ORI,45.643778,9.841667,0, ,0.0,0.0,0.0,0.0,0,0,0,0,0,0,0,0
TF,OSKOR,45.649167,10.116667,0, ,0.0,0.0,0.0,0.0,2,12500,0,0,0,0,0,0

SID,TELV5H,VOG5J,3
IF,TELVA,45.501667,8.919167, ,0.0,0.0,2,10000,0,0,0,0,0,0
TF,VOG,44.964528,8.970194,0, ,0.0,0.0,0.0,0.0,0,0,0,0,0,0,0,0

SID,TELV5L,35R,5
CA,0,348.0,2,1170,0,0,0,0,0,0
CF,MC604,45.708897,8.726153,0,MMP,353.9,4.1,358.0,3.0,2,2300,0,0,0,0,0,1
DF,MC608,45.746875,8.798278,2, ,0.0,0.0,2,4000,0,1,220,0,0,0
TF,MC603,45.735725,8.844708,0, ,0.0,0.0,0.0,0.0,0,0,0,0,0,0,0,1
CF,MC612,45.596522,8.908500,0,VOG,357.1,38.0,175.0,7.0,0,0,0,0,0,0,0,0
TF,TELVA,45.501667,8.919167,0, ,0.0,0.0,0.0,0.0,2,10000,0,0,0,0,0,0

SID,TELV5L,EKP5J,6
IF,TELVA,45.501667,8.919167, ,0.0,0.0,2,10000,0,0,0,0,0,0
TF,COD,45.226278,9.541194,0, ,0.0,0.0,0.0,0.0,0,0,0,0,0,0,0,0
TF,PIKOT,45.186944,9.737222,0, ,0.0,0.0,0.0,0.0,0,0,0,0,0,0,0,0
TF,EKPAL,44.484167,10.162500,0, ,0.0,0.0,0.0,0.0,2,19500,0,0,0,0,0,0

SID,TELV5L,OSB5J,6
IF,TELVA,45.501667,8.919167, ,0.0,0.0,2,10000,0,0,0,0,0,0
TF,COD,45.226278,9.541194,0, ,0.0,0.0,0.0,0.0,0,0,0,0,0,0,0,0
TF,PIKOT,45.186944,9.737222,0, ,0.0,0.0,0.0,0.0,0,0,0,0,0,0,0,0
TF,OSBUL,44.822222,10.293333,0, ,0.0,0.0,0.0,0.0,0,0,0,0,0,0,0,0

SID,TELV5L,OSK9J,6
IF,TELVA,45.501667,8.919167, ,0.0,0.0,2,10000,0,0,0,0,0,0
TF,LIN,45.461250,9.275278,0, ,0.0,0.0,0.0,0.0,0,0,0,0,0,0,0,0
TF,TZO,45.559250,9.507083,0, ,0.0,0.0,0.0,0.0,0,0,0,0,0,0,0,0
TF,ORI,45.643778,9.841667,0, ,0.0,0.0,0.0,0.0,0,0,0,0,0,0,0,0
TF,OSKOR,45.649167,10.116667,0, ,0.0,0.0,0.0,0.0,2,12500,0,0,0,0,0,0

SID,TELV5L,VOG5J,6
IF,TELVA,45.501667,8.919167, ,0.0,0.0,2,10000,0,0,0,0,0,0
TF,VOG,44.964528,8.970194,0, ,0.0,0.0,0.0,0.0,0,0,0,0,0,0,0,0

SID,TELV5M,35R,5
CA,0,348.0,2,1170,0,0,0,0,0,0
CA,0,358.0,2,1300,0,0,0,0,0,0
CF,MC611,45.678972,8.726881,0,MMP,350.7,2.3,358.0,1.0,0,0,0,0,0,0,0,0
TF,MC602,45.694786,8.797300,0, ,0.0,0.0,0.0,0.0,2,3000,0,1,200,0,0,0
TF,MC607,45.714331,8.820067,0, ,0.0,0.0,0.0,0.0,2,3500,0,0,0,0,0,1
CF,MC612,45.596522,8.908500,2,VOG,357.1,38.0,175.0,6.0,0,0,0,1,220,0,0,0
TF,TELVA,45.501667,8.919167,0, ,0.0,0.0,0.0,0.0,2,10000,0,0,0,0,0,0

SID,TELV5M,EKP5J,6
IF,TELVA,45.501667,8.919167, ,0.0,0.0,2,10000,0,0,0,0,0,0
TF,COD,45.226278,9.541194,0, ,0.0,0.0,0.0,0.0,0,0,0,0,0,0,0,0
TF,PIKOT,45.186944,9.737222,0, ,0.0,0.0,0.0,0.0,0,0,0,0,0,0,0,0
TF,EKPAL,44.484167,10.162500,0, ,0.0,0.0,0.0,0.0,2,19500,0,0,0,0,0,0

SID,TELV5M,OSB5J,6
IF,TELVA,45.501667,8.919167, ,0.0,0.0,2,10000,0,0,0,0,0,0
TF,COD,45.226278,9.541194,0, ,0.0,0.0,0.0,0.0,0,0,0,0,0,0,0,0
TF,PIKOT,45.186944,9.737222,0, ,0.0,0.0,0.0,0.0,0,0,0,0,0,0,0,0
TF,OSBUL,44.822222,10.293333,0, ,0.0,0.0,0.0,0.0,0,0,0,0,0,0,0,0

SID,TELV5M,OSK9J,6
IF,TELVA,45.501667,8.919167, ,0.0,0.0,2,10000,0,0,0,0,0,0
TF,LIN,45.461250,9.275278,0, ,0.0,0.0,0.0,0.0,0,0,0,0,0,0,0,0
TF,TZO,45.559250,9.507083,0, ,0.0,0.0,0.0,0.0,0,0,0,0,0,0,0,0
TF,ORI,45.643778,9.841667,0, ,0.0,0.0,0.0,0.0,0,0,0,0,0,0,0,0
TF,OSKOR,45.649167,10.116667,0, ,0.0,0.0,0.0,0.0,2,12500,0,0,0,0,0,0

SID,TELV5M,VOG5J,6
IF,TELVA,45.501667,8.919167, ,0.0,0.0,2,10000,0,0,0,0,0,0
TF,VOG,44.964528,8.970194,0, ,0.0,0.0,0.0,0.0,0,0,0,0,0,0,0,0

SID,TELV5S,35R,5
CA,0,348.0,2,1170,0,0,0,0,0,0
CA,0,358.0,2,1300,0,0,0,0,0,0
CI,0, ,0.0,70.0,0,0,0,0,0,0,0,0
CF,MC607,45.714331,8.820067,0,MMP,38.1,5.7,38.0,4.0,2,3500,0,0,0,0,0,1
CF,MC612,45.596522,8.908500,2,VOG,357.1,38.0,175.0,6.0,0,0,0,1,220,0,0,0
TF,TELVA,45.501667,8.919167,0, ,0.0,0.0,0.0,0.0,2,10000,0,0,0,0,0,0

SID,TELV5S,EKP5J,6
IF,TELVA,45.501667,8.919167, ,0.0,0.0,2,10000,0,0,0,0,0,0
TF,COD,45.226278,9.541194,0, ,0.0,0.0,0.0,0.0,0,0,0,0,0,0,0,0
TF,PIKOT,45.186944,9.737222,0, ,0.0,0.0,0.0,0.0,0,0,0,0,0,0,0,0
TF,EKPAL,44.484167,10.162500,0, ,0.0,0.0,0.0,0.0,2,19500,0,0,0,0,0,0

SID,TELV5S,OSB5J,6
IF,TELVA,45.501667,8.919167, ,0.0,0.0,2,10000,0,0,0,0,0,0
TF,COD,45.226278,9.541194,0, ,0.0,0.0,0.0,0.0,0,0,0,0,0,0,0,0
TF,PIKOT,45.186944,9.737222,0, ,0.0,0.0,0.0,0.0,0,0,0,0,0,0,0,0
TF,OSBUL,44.822222,10.293333,0, ,0.0,0.0,0.0,0.0,0,0,0,0,0,0,0,0

SID,TELV5S,OSK9J,6
IF,TELVA,45.501667,8.919167, ,0.0,0.0,2,10000,0,0,0,0,0,0
TF,LIN,45.461250,9.275278,0, ,0.0,0.0,0.0,0.0,0,0,0,0,0,0,0,0
TF,TZO,45.559250,9.507083,0, ,0.0,0.0,0.0,0.0,0,0,0,0,0,0,0,0
TF,ORI,45.643778,9.841667,0, ,0.0,0.0,0.0,0.0,0,0,0,0,0,0,0,0
TF,OSKOR,45.649167,10.116667,0, ,0.0,0.0,0.0,0.0,2,12500,0,0,0,0,0,0

SID,TELV5S,VOG5J,6
IF,TELVA,45.501667,8.919167, ,0.0,0.0,2,10000,0,0,0,0,0,0
TF,VOG,44.964528,8.970194,0, ,0.0,0.0,0.0,0.0,0,0,0,0,0,0,0,0

SID,TELV7G,35R,2
CA,0,348.0,2,1170,0,0,0,0,0,0
CD, ,0,0,0,MMP,0,0.0,358.0,4.1,2,2200,0,0,0,0,0,0
VR,0,MMP,11.0,56.0,2,3000,0,0,0,0,0,0
CF,IRKED,45.723889,8.867778,2,SRN,304.9,8.0,125.0,2.0,0,0,0,0,0,0,0,1
CF,VOG38,45.596344,8.910069,0,VOG,357.2,38.0,175.0,7.0,0,0,0,0,0,0,0,0
TF,TELVA,45.501667,8.919167,0, ,0.0,0.0,0.0,0.0,2,10000,0,0,0,0,0,0

SID,TELV7G,EKP5J,3
IF,TELVA,45.501667,8.919167, ,0.0,0.0,2,10000,0,0,0,0,0,0
TF,COD,45.226278,9.541194,0, ,0.0,0.0,0.0,0.0,0,0,0,0,0,0,0,0
TF,PIKOT,45.186944,9.737222,0, ,0.0,0.0,0.0,0.0,0,0,0,0,0,0,0,0
TF,EKPAL,44.484167,10.162500,0, ,0.0,0.0,0.0,0.0,2,19500,0,0,0,0,0,0

SID,TELV7G,OSB5J,3
IF,TELVA,45.501667,8.919167, ,0.0,0.0,2,10000,0,0,0,0,0,0
TF,COD,45.226278,9.541194,0, ,0.0,0.0,0.0,0.0,0,0,0,0,0,0,0,0
TF,PIKOT,45.186944,9.737222,0, ,0.0,0.0,0.0,0.0,0,0,0,0,0,0,0,0
TF,OSBUL,44.822222,10.293333,0, ,0.0,0.0,0.0,0.0,0,0,0,0,0,0,0,0

SID,TELV7G,OSK9J,3
IF,TELVA,45.501667,8.919167, ,0.0,0.0,2,10000,0,0,0,0,0,0
TF,LIN,45.461250,9.275278,0, ,0.0,0.0,0.0,0.0,0,0,0,0,0,0,0,0
TF,TZO,45.559250,9.507083,0, ,0.0,0.0,0.0,0.0,0,0,0,0,0,0,0,0
TF,ORI,45.643778,9.841667,0, ,0.0,0.0,0.0,0.0,0,0,0,0,0,0,0,0
TF,OSKOR,45.649167,10.116667,0, ,0.0,0.0,0.0,0.0,2,12500,0,0,0,0,0,0

SID,TELV7G,VOG5J,3
IF,TELVA,45.501667,8.919167, ,0.0,0.0,2,10000,0,0,0,0,0,0
TF,VOG,44.964528,8.970194,0, ,0.0,0.0,0.0,0.0,0,0,0,0,0,0,0,0

STAR,AKAS2H,ALL,5
IF,AKASU,46.109722,8.495556, ,0.0,0.0,0,0,0,0,0,0,0,0
TF,MC414,45.917133,8.561519,0, ,0.0,0.0,0.0,0.0,0,0,0,0,0,0,0,0
TF,IXORA,45.836667,8.588889,0, ,0.0,0.0,0.0,0.0,0,0,0,0,0,0,0,0
TF,MC415,45.736731,8.595589,0, ,0.0,0.0,0.0,0.0,0,0,0,0,0,0,0,0
TF,MC405,45.388431,8.619156,0, ,0.0,0.0,0.0,0.0,0,0,0,0,0,0,0,0
TF,MC406,45.229539,8.547683,0, ,0.0,0.0,0.0,0.0,0,0,0,0,0,0,0,0
TF,MC407,45.213072,8.637544,1, ,0.0,0.0,0.0,0.0,0,0,0,1,200,0,0,0
TF,SOKBU,45.279722,8.652500,1, ,0.0,0.0,0.0,0.0,0,0,0,1,200,0,0,0

STAR,AKAS2K,ALL,5
IF,AKASU,46.109722,8.495556, ,0.0,0.0,0,0,0,0,0,0,0,0
TF,MC416,45.933658,8.630867,0, ,0.0,0.0,0.0,0.0,0,0,0,0,0,0,0,0
TF,MC417,45.776000,8.750997,0, ,0.0,0.0,0.0,0.0,0,0,0,0,0,0,0,0
TF,MORAD,45.647500,8.848333,0, ,0.0,0.0,0.0,0.0,0,0,0,0,0,0,0,0
TF,LASIX,45.483056,8.913611,0, ,0.0,0.0,0.0,0.0,0,0,0,0,0,0,0,0
TF,LEMKI,45.302778,9.114722,0, ,0.0,0.0,0.0,0.0,0,0,0,0,0,0,0,0
TF,MC412,45.258233,9.023739,2, ,0.0,0.0,0.0,0.0,0,0,0,1,200,0,0,0
TF,RIGON,45.317500,8.978889,2, ,0.0,0.0,0.0,0.0,0,0,0,1,200,0,0,0

STAR,ASTI1H,TOP1R,4
IF,TOP,44.925417,7.861667, ,0.0,0.0,0,0,0,0,0,0,0,0
TF,ASTIG,44.941717,8.290411,0, ,0.0,0.0,0.0,0.0,0,0,0,0,0,0,0,0

STAR,ASTI1H,ALL,5
IF,ASTIG,44.941717,8.290411, ,0.0,0.0,0,0,0,0,0,0,0,0
TF,MC408,45.061161,8.439017,0, ,0.0,0.0,0.0,0.0,0,0,0,0,0,0,0,0
TF,MC407,45.213072,8.637544,0, ,0.0,0.0,0.0,0.0,0,0,0,1,200,0,0,0
TF,SOKBU,45.279722,8.652500,0, ,0.0,0.0,0.0,0.0,0,0,0,1,200,0,0,0

STAR,COD1H,GOL1R,1
IF,GOLAS,44.455000,9.617500, ,0.0,0.0,0,0,0,0,0,0,0,0
TF,COD,45.226278,9.541194,0, ,0.0,0.0,0.0,0.0,0,0,0,0,0,0,0,0

STAR,COD1H,ALL,2
IF,COD,45.226278,9.541194, ,0.0,0.0,0,0,0,0,0,0,0,0
TF,MC448,45.341967,9.099392,0, ,0.0,0.0,0.0,0.0,0,0,0,0,0,0,0,0
TF,NOV,45.424167,8.793833,0, ,0.0,0.0,0.0,0.0,0,0,0,0,0,0,0,0

STAR,DEVO1H,ANA1T,4
IF,ANAKI,44.201111,8.725556, ,0.0,0.0,0,0,0,0,0,0,0,0
TF,DEVOX,44.696111,8.746944,0, ,0.0,0.0,0.0,0.0,0,0,0,0,0,0,0,0

STAR,DEVO1H,ALL,5
IF,DEVOX,44.696111,8.746944, ,0.0,0.0,0,0,0,0,0,0,0,0
TF,MC413,45.070189,8.665058,0, ,0.0,0.0,0.0,0.0,0,0,0,0,0,0,0,0
TF,MC407,45.213072,8.637544,0, ,0.0,0.0,0.0,0.0,0,0,0,1,200,0,0,0
TF,SOKBU,45.279722,8.652500,0, ,0.0,0.0,0.0,0.0,0,0,0,1,200,0,0,0

STAR,MEBU1H,GEN1T,4
IF,GEN,44.424444,9.082333, ,0.0,0.0,0,0,0,0,0,0,0,0
TF,MEBUR,44.759675,9.171706,0, ,0.0,0.0,0.0,0.0,0,0,0,0,0,0,0,0

STAR,MEBU1H,GOL1T,4
IF,GOLAS,44.455000,9.617500, ,0.0,0.0,0,0,0,0,0,0,0,0
TF,MEBUR,44.759675,9.171706,0, ,0.0,0.0,0.0,0.0,0,0,0,0,0,0,0,0

STAR,MEBU1H,IDO1T,4
IF,IDONA,43.985000,9.430833, ,0.0,0.0,0,0,0,0,0,0,0,0
TF,MEBUR,44.759675,9.171706,0, ,0.0,0.0,0.0,0.0,0,0,0,0,0,0,0,0

STAR,MEBU1H,ALL,5
IF,MEBUR,44.759675,9.171706, ,0.0,0.0,0,0,0,0,0,0,0,0
TF,VOG,44.964528,8.970194,0, ,0.0,0.0,0.0,0.0,0,0,0,0,0,0,0,0
TF,MC407,45.213072,8.637544,0, ,0.0,0.0,0.0,0.0,0,0,0,1,200,0,0,0
TF,SOKBU,45.279722,8.652500,0, ,0.0,0.0,0.0,0.0,0,0,0,1,200,0,0,0

STAR,MEBU4K,GEN1T,4
IF,GEN,44.424444,9.082333, ,0.0,0.0,0,0,0,0,0,0,0,0
TF,MEBUR,44.759675,9.171706,0, ,0.0,0.0,0.0,0.0,0,0,0,0,0,0,0,0

STAR,MEBU4K,GOL1T,4
IF,GOLAS,44.455000,9.617500, ,0.0,0.0,0,0,0,0,0,0,0,0
TF,MEBUR,44.759675,9.171706,0, ,0.0,0.0,0.0,0.0,0,0,0,0,0,0,0,0

STAR,MEBU4K,IDO1T,4
IF,IDONA,43.985000,9.430833, ,0.0,0.0,0,0,0,0,0,0,0,0
TF,MEBUR,44.759675,9.171706,0, ,0.0,0.0,0.0,0.0,0,0,0,0,0,0,0,0

STAR,MEBU4K,ALL,5
IF,MEBUR,44.759675,9.171706, ,0.0,0.0,0,0,0,0,0,0,0,0
TF,MC411,45.060397,9.077358,0, ,0.0,0.0,0.0,0.0,0,0,0,0,0,0,0,0
TF,MC412,45.258233,9.023739,0, ,0.0,0.0,0.0,0.0,0,0,0,1,200,0,0,0
TF,RIGON,45.317500,8.978889,0, ,0.0,0.0,0.0,0.0,0,0,0,1,200,0,0,0

STAR,ODIN2K,ALL,5
IF,ODINA,46.104403,8.664925, ,0.0,0.0,0,0,0,0,0,0,0,0
TF,MC418,46.010228,8.703314,0, ,0.0,0.0,0.0,0.0,0,0,0,0,0,0,0,0
TF,MC419,45.762772,8.802767,0, ,0.0,0.0,0.0,0.0,0,0,0,0,0,0,0,0
TF,MORAD,45.647500,8.848333,0, ,0.0,0.0,0.0,0.0,0,0,0,0,0,0,0,0
TF,LASIX,45.483056,8.913611,0, ,0.0,0.0,0.0,0.0,0,0,0,0,0,0,0,0
TF,LEMKI,45.302778,9.114722,0, ,0.0,0.0,0.0,0.0,0,0,0,0,0,0,0,0
TF,MC412,45.258233,9.023739,2, ,0.0,0.0,0.0,0.0,0,0,0,1,200,0,0,0
TF,RIGON,45.317500,8.978889,2, ,0.0,0.0,0.0,0.0,0,0,0,1,200,0,0,0

STAR,SRN1H,AKA1T,1
IF,AKASU,46.109722,8.495556, ,0.0,0.0,0,0,0,0,0,0,0,0
TF,MC442,45.738064,8.920003,0, ,0.0,0.0,0.0,0.0,0,0,0,0,0,0,0,0
TF,SRN,45.645972,9.021583,0, ,0.0,0.0,0.0,0.0,0,0,0,0,0,0,0,0

STAR,SRN1H,LUS1N,1
IF,LUSIL,46.043056,10.116667, ,0.0,0.0,0,0,0,0,0,0,0,0
TF,IMVUD,45.870278,9.635278,0, ,0.0,0.0,0.0,0.0,0,0,0,0,0,0,0,0
TF,MC401,45.760458,9.330008,0, ,0.0,0.0,0.0,0.0,0,0,0,0,0,0,0,0
TF,SRN,45.645972,9.021583,0, ,0.0,0.0,0.0,0.0,0,0,0,0,0,0,0,0

STAR,SRN1H,ODI1N,1
IF,ODINA,46.104403,8.664925, ,0.0,0.0,0,0,0,0,0,0,0,0
TF,SULUR,45.749167,8.943333,0, ,0.0,0.0,0.0,0.0,0,0,0,0,0,0,0,0
TF,SRN,45.645972,9.021583,0, ,0.0,0.0,0.0,0.0,0,0,0,0,0,0,0,0

STAR,SRN1H,OSK1N,1
IF,OSKOR,45.649167,10.116667, ,0.0,0.0,0,0,0,0,0,0,0,0
TF,ORI,45.643778,9.841667,0, ,0.0,0.0,0.0,0.0,0,0,0,0,0,0,0,0
TF,SRN,45.645972,9.021583,0, ,0.0,0.0,0.0,0.0,0,0,0,0,0,0,0,0

STAR,SRN1H,ALL,2
IF,SRN,45.645972,9.021583, ,0.0,0.0,0,0,0,0,0,0,0,0
TF,RIGON,45.317500,8.978889,0, ,0.0,0.0,0.0,0.0,0,0,0,0,0,0,0,1
CF,NOV,45.424167,8.793833,2,MMP,168.1,13.2,325.0,8.0,0,0,0,0,0,0,0,0

STAR,SRN4K,LUS1R,4
IF,LUSIL,46.043056,10.116667, ,0.0,0.0,0,0,0,0,0,0,0,0
TF,MC401,45.760458,9.330008,0, ,0.0,0.0,0.0,0.0,0,0,0,0,0,0,0,0
TF,SRN,45.645972,9.021583,0, ,0.0,0.0,0.0,0.0,0,0,0,0,0,0,0,0

STAR,SRN4K,OSK1R,4
IF,OSKOR,45.649167,10.116667, ,0.0,0.0,0,0,0,0,0,0,0,0
TF,SRN,45.645972,9.021583,0, ,0.0,0.0,0.0,0.0,0,0,0,0,0,0,0,0

STAR,SRN4K,ALL,5
IF,SRN,45.645972,9.021583, ,0.0,0.0,0,0,0,0,0,0,0,0
TF,LEMKI,45.302778,9.114722,0, ,0.0,0.0,0.0,0.0,0,0,0,0,0,0,0,0
TF,MC412,45.258233,9.023739,0, ,0.0,0.0,0.0,0.0,0,0,0,1,200,0,0,0
TF,RIGON,45.317500,8.978889,2, ,0.0,0.0,0.0,0.0,0,0,0,1,200,0,0,0

STAR,VOG1H,GEN1S,1
IF,GEN,44.424444,9.082333, ,0.0,0.0,0,0,0,0,0,0,0,0
TF,MC443,44.865233,8.991283,0, ,0.0,0.0,0.0,0.0,0,0,0,0,0,0,0,0
TF,VOG,44.964528,8.970194,0, ,0.0,0.0,0.0,0.0,0,0,0,0,0,0,0,0

STAR,VOG1H,GOL2S,1
IF,GOLAS,44.455000,9.617500, ,0.0,0.0,0,0,0,0,0,0,0,0
TF,MC444,44.890658,9.065053,0, ,0.0,0.0,0.0,0.0,0,0,0,0,0,0,0,0
TF,VOG,44.964528,8.970194,0, ,0.0,0.0,0.0,0.0,0,0,0,0,0,0,0,0

STAR,VOG1H,OSB1R,1
IF,OSBUL,44.822222,10.293333, ,0.0,0.0,0,0,0,0,0,0,0,0
TF,LIMBA,44.926667,9.332778,0, ,0.0,0.0,0.0,0.0,0,0,0,0,0,0,0,0
TF,MC445,44.949658,9.110847,0, ,0.0,0.0,0.0,0.0,0,0,0,0,0,0,0,0
TF,VOG,44.964528,8.970194,0, ,0.0,0.0,0.0,0.0,0,0,0,0,0,0,0,0

STAR,VOG1H,TOP1T,1
IF,TOP,44.925417,7.861667, ,0.0,0.0,0,0,0,0,0,0,0,0
TF,MC446,44.960258,8.829844,0, ,0.0,0.0,0.0,0.0,0,0,0,0,0,0,0,0
TF,VOG,44.964528,8.970194,0, ,0.0,0.0,0.0,0.0,0,0,0,0,0,0,0,0

STAR,VOG1H,ALL,2
IF,VOG,44.964528,8.970194, ,0.0,0.0,0,0,0,0,0,0,0,0
TF,MC447,45.141778,8.903597,0, ,0.0,0.0,0.0,0.0,0,0,0,0,0,0,0,0
TF,NOV,45.424167,8.793833,0, ,0.0,0.0,0.0,0.0,0,0,0,0,0,0,0,0

APPTR,D17L,17L,MMP1
IF,MMP,45.640778,8.734833, ,0.0,0.0,2,5000,0,1,200,0,1,0
FD,MMP,45.640778,8.734833,0,MMP,0.0,8.0,318.0,8.0,2,3000,0,0,0,0,0,0
CF,CD17L,45.751050,8.680589,2,MMP,340.0,7.0,160.0,1.0,2,3000,0,0,0,0,1,0

APPTR,D17L,17L,MMP2
IF,MMP,45.640778,8.734833, ,0.0,0.0,2,5000,0,1,140,0,1,0
FD,MMP,45.640778,8.734833,0,MMP,0.0,8.0,328.0,8.0,2,3000,0,0,0,0,0,0
CF,CD17L,45.751050,8.680589,2,MMP,340.0,7.0,160.0,1.0,2,3000,0,0,0,0,1,0

FINAL,D17L,17L,D,5
IF,CD17L,45.751050,8.680589,MMP,340.0,7.0,2,3000,0,0,0,0,0,0
CF,FD17L,45.719547,8.696108,0,MMP,340.0,5.0,160.0,2.0,2,2360,0,0,0,0,2,0
CF,30VOR,45.688039,8.711611,0,MMP,340.0,3.0,160.0,2.0,2,1720,0,0,0,0,0,0
CF,20VOR,45.672286,8.719356,0,MMP,340.0,2.0,160.0,1.0,2,1400,0,0,0,0,0,0
CF,MD17L,45.656531,8.727097,0,MMP,340.0,0.0,160.0,1.0,1,1078,0,0,0,0,3,0
CA,0,160.0,2,1170,0,0,0,0,0,0
CF,D168M,45.428117,8.793536,0,MMP,168.0,13.0,168.0,13.0,1,3000,0,0,0,0,0,0
HM,D168M,45.428117,8.793536,2, ,0.0,0.0,348.0,05,0,0,0,0,0,0,0,0,0

APPTR,D35L,35L,RIGON
IF,RIGON,45.317500,8.978889, ,0.0,0.0,2,4000,0,0,0,0,1,0
CF,CD35L,45.445933,8.725167,0,MMP,181.0,11.7,305.0,13.2,2,4000,0,0,0,0,1,0

APPTR,D35L,35L,SOKBU
IF,SOKBU,45.279722,8.652500, ,0.0,0.0,2,4000,0,0,0,0,1,0
CF,CD35L,45.445933,8.725167,0,MMP,181.0,11.7,16.0,10.5,2,4000,0,0,0,0,1,0

FINAL,D35L,35L,D,3
IF,CD35L,45.445933,8.725167,MMP,181.0,11.7,2,4000,0,0,0,0,0,0
CF,FD35L,45.524203,8.729042,0,MMP,181.0,7.0,1.0,4.7,2,2500,0,0,0,0,2,0
CF,MD35L,45.590817,8.732347,0,MMP,181.0,3.0,1.0,4.0,1,1215,0,0,0,0,3,0
CF,D181B,45.612467,8.733422,0,MMP,181.0,1.7,1.0,1.3,2,1215,0,0,0,0,0,1
VI,1, ,0.0,220.0,0,0,0,0,0,0,0,0
CF,D250N,45.564394,8.420806,0,MMP,250.0,14.0,250.0,11.0,1,4000,0,0,0,0,0,1
CF,D266J,45.631808,8.497644,2,MMP,266.0,10.0,86.0,4.0,0,0,0,0,0,0,0,0
HM,D266J,45.631808,8.497644,2, ,0.0,0.0,86.0,04,0,0,0,1,230,0,0,0,0

APPTR,D35R,35R,RIGON
IF,RIGON,45.317500,8.978889, ,0.0,0.0,2,4000,0,0,0,0,1,0
CF,NOV,45.424167,8.793833,0,MMP,168.1,13.2,308.0,10.0,2,4000,0,0,0,0,0,1
CF,CD35R,45.442300,8.769450,0,MMP,172.0,12.0,352.0,1.6,2,4000,0,0,0,0,1,0

APPTR,D35R,35R,SOKBU
FC,SOKBU,45.279722,8.652500,0,MMP,0.0,0.0,34.0,8.0,2,4000,0,0,0,0,1,1
CF,D172N,45.409219,8.775197,0,MMP,172.0,14.0,352.0,1.5,2,4000,0,0,0,0,0,0
CF,CD35R,45.442300,8.769450,0,MMP,172.0,12.0,352.0,2.0,2,4000,0,0,0,0,1,0

APPTR,D35R,35R,VOG
IF,VOG,44.964528,8.970194, ,0.0,0.0,0,0,0,0,0,0,0,0
CF,D334P,45.201975,8.798972,0,VOG,334.0,16.0,334.0,16.0,2,6000,0,0,0,0,1,0
CF,CD35R,45.442300,8.769450,0,MMP,172.0,12.0,352.0,14.0,2,4000,0,0,0,0,1,0

FINAL,D35R,35R,D,3
IF,CD35R,45.442300,8.769450,MMP,172.0,12.0,2,4000,0,0,0,0,0,0
CF,FD35R,45.541542,8.752172,0,MMP,172.0,6.0,352.0,6.0,2,2100,0,0,0,0,2,0
CF,MD35R,45.607697,8.740619,0,MMP,172.0,2.0,352.0,4.0,1,908,0,0,0,0,3,0
CF,MMP,45.640778,8.734833,0,MMP,0.0,0.0,352.0,2.0,2,1170,0,0,0,0,0,0
FA,MMP,45.640778,8.734833,0,MMP,0.0,0.0,352.0,2,1450,0,0,0,0,0,0
VI,0, ,0.0,54.0,0,0,0,0,0,0,0,0
CF,D024G,45.746467,8.805239,0,MMP,24.0,7.0,24.0,6.0,1,3000,0,0,0,0,0,0
CF,D305E,45.694311,8.924875,2,SRN,304.5,5.0,125.0,6.0,1,3000,0,0,0,0,0,0
CF,SRN,45.645972,9.021583,0,SRN,0.0,0.0,125.0,5.0,1,4000,0,0,0,0,0,0

APPTR,I17LY,17L,MMP1
IF,MMP,45.640778,8.734833, ,0.0,0.0,2,5000,0,1,185,0,1,0
FD,MMP,45.640778,8.734833,0,MMP,0.0,8.2,328.0,8.2,2,3000,0,0,0,0,0,0
CF,D348J,45.773322,8.693731,2,MMP,346.8,8.1,168.0,1.0,2,3000,0,0,0,0,0,0
CF,C17LY,45.756967,8.698286,0,IMSL,348.0,8.8,168.0,1.0,2,2700,0,0,0,0,0,0

APPTR,I17LY,17L,MMP2
IF,MMP,45.640778,8.734833, ,0.0,0.0,2,5000,0,1,140,0,1,0
FD,MMP,45.640778,8.734833,0,MMP,0.0,8.2,335.0,8.2,2,3000,0,0,0,0,0,0
CF,D348J,45.773322,8.693731,2,MMP,346.8,8.1,168.0,1.0,2,3000,0,0,0,0,0,0
CF,C17LY,45.756967,8.698286,0,IMSL,348.0,8.8,168.0,1.0,2,2700,0,0,0,0,0,0

FINAL,I17LY,17L,I,3
IF,C17LY,45.756967,8.698286,IMSL,348.0,8.8,1,2700,0,0,0,0,0,0
CF,F17LY,45.740611,8.702839,0,IMSL,348.0,7.8,168.0,1.0,1,2700,0,0,0,0,2,0
CF,RW17L,45.642036,8.730236,0,IMSL,348.0,1.8,168.0,6.0,1,794,0,0,0,0,3,0
FA,RW17L,45.642036,8.730236,0,MMP,0.0,0.0,168.0,2,3000,0,0,0,0,0,0
CF,D168M,45.428117,8.793536,0,MMP,168.0,13.0,168.0,9.0,1,3000,0,0,0,0,0,0
HM,D168M,45.428117,8.793536,2, ,0.0,0.0,348.0,05,0,0,0,0,0,0,0,0,0

APPTR,I17LZ,17L,MMP1
IF,MMP,45.640778,8.734833, ,0.0,0.0,2,5000,0,1,185,0,1,0
FD,MMP,45.640778,8.734833,0,MMP,0.0,8.2,328.0,8.2,1,4000,0,0,0,0,0,0
CF,D348J,45.773322,8.693731,2,MMP,346.8,8.1,168.0,1.0,1,3000,0,0,0,0,0,0
CF,CF17L,45.753694,8.699197,0,IMSL,348.0,8.6,168.0,1.2,2,3000,0,0,0,0,0,0

APPTR,I17LZ,17L,MMP2
IF,MMP,45.640778,8.734833, ,0.0,0.0,2,5000,0,1,140,0,1,0
FD,MMP,45.640778,8.734833,0,MMP,0.0,8.2,335.0,8.2,1,4000,0,0,0,0,0,0
CF,D348J,45.773322,8.693731,2,MMP,346.8,8.1,168.0,1.0,1,3000,0,0,0,0,0,0
CF,CF17L,45.753694,8.699197,0,IMSL,348.0,8.6,168.0,1.2,2,3000,0,0,0,0,0,0

FINAL,I17LZ,17L,I,3
IF,CF17L,45.753694,8.699197,IMSL,348.0,8.6,1,3000,0,0,0,0,0,0
CF,F17LZ,45.696450,8.715117,0,IMSL,348.0,5.1,168.0,3.5,1,1846,0,0,0,0,2,0
CF,RW17L,45.642036,8.730236,0,IMSL,348.0,1.8,168.0,3.3,1,794,0,0,0,0,3,0
FA,RW17L,45.642036,8.730236,0,MMP,0.0,0.0,168.0,2,3000,0,0,0,0,0,0
CF,D168M,45.428117,8.793536,0,MMP,168.0,13.0,168.0,9.0,1,3000,0,0,0,0,0,0
HM,D168M,45.428117,8.793536,2, ,0.0,0.0,348.0,05,0,0,0,0,0,0,0,0,0

APPTR,I35LX,35L,RIGON
FC,RIGON,45.317500,8.978889,0,MMP,0.0,0.0,308.0,10.0,2,4000,0,0,0,0,1,1
CF,CI35L,45.446878,8.773431,0,IMA,168.0,12.3,348.0,2.0,2,4000,0,0,0,0,0,0

APPTR,I35LX,35L,SOKBU
FC,SOKBU,45.279722,8.652500,0,MMP,0.0,0.0,34.0,9.0,2,4000,0,0,0,0,1,1
CF,CI35L,45.446878,8.773431,0,IMA,168.0,12.3,348.0,3.0,2,4000,0,0,0,0,0,0

FINAL,I35LX,35L,I,3
IF,CI35L,45.446878,8.773431,IMA,168.0,12.3,2,4000,0,0,0,0,0,0
CF,FI35L,45.535225,8.749139,0,IMA,168.0,6.9,348.0,5.4,1,2295,0,0,0,0,2,0
CF,RW35L,45.614406,8.727306,0,IMA,168.0,2.0,348.0,4.8,1,753,0,0,0,0,3,0
FA,RW35L,45.614406,8.727306,0,MMP,0.0,0.0,348.0,2,1450,0,0,0,0,0,0
DF,NELAB,45.628333,8.406667,1, ,0.0,0.0,1,4000,0,1,210,0,0,0
HM,NELAB,45.628333,8.406667,1, ,0.0,0.0,267.0,04.3,0,0,0,1,230,0,0,0,0

APPTR,I35LY,35L,NOV
IF,NOV,45.424167,8.793833, ,0.0,0.0,2,4000,0,0,0,0,1,0
CF,CI35L,45.446878,8.773431,0,IMA,168.0,12.3,327.0,1.6,2,4000,0,0,0,0,0,0

FINAL,I35LY,35L,I,3
IF,CI35L,45.446878,8.773431,IMA,168.0,12.3,2,4000,0,0,0,0,0,0
CF,FI35L,45.535225,8.749139,0,IMA,168.0,6.9,348.0,5.4,1,2295,0,0,0,0,2,0
CF,RW35L,45.614406,8.727306,0,IMA,168.0,2.0,348.0,4.8,1,753,0,0,0,0,3,0
FA,RW35L,45.614406,8.727306,0,MMP,0.0,0.0,348.0,2,1450,0,0,0,0,0,0
CI,1, ,0.0,220.0,0,0,0,1,210,0,0,0
CF,D071N,45.565875,8.416456,0,BLA,71.0,14.0,251.0,8.0,1,4000,0,0,0,0,0,0
HM,D071N,45.565875,8.416456,2, ,0.0,0.0,251.0,05,0,0,0,1,230,0,0,0,0

APPTR,I35LZ,35L,RIGON
IF,RIGON,45.317500,8.978889, ,0.0,0.0,2,4000,0,0,0,0,1,0
CF,NOV,45.424167,8.793833,0,MMP,168.1,13.2,308.0,10.0,0,0,0,0,0,0,1,0
CF,CI35L,45.446878,8.773431,0,IMA,168.0,12.3,348.0,1.6,2,4000,0,0,0,0,0,0

APPTR,I35LZ,35L,SOKBU
FC,SOKBU,45.279722,8.652500,0,MMP,0.0,0.0,34.0,9.0,2,4000,0,0,0,0,1,1
CF,CI35L,45.446878,8.773431,0,IMA,168.0,12.3,348.0,3.0,2,4000,0,0,0,0,0,0

FINAL,I35LZ,35L,I,3
IF,CI35L,45.446878,8.773431,IMA,168.0,12.3,2,4000,0,0,0,0,0,0
CF,FI35L,45.535225,8.749139,0,IMA,168.0,6.9,348.0,5.4,1,2295,0,0,0,0,2,0
CF,RW35L,45.614406,8.727306,0,IMA,168.0,2.0,348.0,4.8,1,753,0,0,0,0,3,0
FA,RW35L,45.614406,8.727306,0,MMP,0.0,0.0,348.0,2,1450,0,0,0,0,0,0
CI,1, ,0.0,220.0,0,0,0,1,210,0,0,0
CF,D250N,45.564394,8.420806,0,MMP,250.0,14.0,250.0,8.0,1,4000,0,0,0,0,0,1
CF,D266J,45.631808,8.497644,2,MMP,266.0,10.0,86.0,4.0,0,0,0,0,0,0,0,0
HM,D266J,45.631808,8.497644,2, ,0.0,0.0,86.0,04,0,0,0,1,230,0,0,0,0

APPTR,I35RY,35R,NOV
IF,NOV,45.424167,8.793833, ,0.0,0.0,2,4000,0,0,0,0,1,0
CF,C35RY,45.453156,8.782397,0,MLP,168.0,12.2,348.0,2.0,2,4000,0,0,0,0,0,0

FINAL,I35RY,35R,I,3
IF,C35RY,45.453156,8.782397,MLP,168.0,12.2,2,4000,0,0,0,0,0,0
CF,OM35R,45.545806,8.756778,0,MLP,168.0,6.6,348.0,5.7,1,2110,0,0,0,0,2,0
CF,RW35R,45.615750,8.737497,0,MLP,168.0,2.3,348.0,4.3,1,748,0,0,0,0,3,0
FA,RW35R,45.615750,8.737497,0,SRN,0.0,0.0,348.0,2,1450,0,0,0,0,0,0
DF,SRN,45.645972,9.021583,2, ,0.0,0.0,1,4000,0,0,0,0,0,0
HM,SRN,45.645972,9.021583,2, ,0.0,0.0,125.0,04.3,0,0,0,1,210,0,0,0,0

APPTR,I35RZ,35R,RIGON
FC,RIGON,45.317500,8.978889,0,MMP,0.0,0.0,308.0,7.0,2,4000,0,0,0,0,1,1
CF,C35RZ,45.412256,8.793644,0,MLP,168.0,14.7,308.0,3.0,2,4000,0,0,0,0,1,0

APPTR,I35RZ,35R,SOKBU
FC,SOKBU,45.279722,8.652500,0,MMP,0.0,0.0,34.0,7.0,2,4000,0,0,0,0,1,1
CF,C35RZ,45.412256,8.793644,0,MLP,168.0,14.7,34.0,3.0,2,4000,0,0,0,0,1,0

FINAL,I35RZ,35R,I,3
IF,C35RZ,45.412256,8.793644,MLP,168.0,14.7,1,4000,0,0,0,0,0,0
CF,OM35R,45.545806,8.756778,0,MLP,168.0,6.6,348.0,8.1,1,2110,0,0,0,0,2,0
CF,RW35R,45.615750,8.737497,0,MLP,168.0,2.3,348.0,4.3,1,748,0,0,0,0,3,0
FA,RW35R,45.615750,8.737497,0,SRN,0.0,0.0,348.0,2,1450,0,0,0,0,0,0
VI,0, ,0.0,54.0,0,0,0,0,0,0,0,0
CF,D024G,45.746467,8.805239,0,MMP,24.0,7.0,24.0,6.0,1,3000,0,0,0,0,0,0
CF,D305E,45.694311,8.924875,2,SRN,304.5,5.0,125.0,6.0,1,3000,0,0,0,0,0,0
CF,SRN,45.645972,9.021583,0,SRN,0.0,0.0,125.0,5.0,1,4000,0,0,0,0,0,0

APPTR,L17L,17L,MMP1
IF,MMP,45.640778,8.734833, ,0.0,0.0,2,5000,0,1,185,0,1,0
FD,MMP,45.640778,8.734833,0,MMP,0.0,8.2,328.0,8.2,2,3000,0,0,0,0,0,0
CF,D348J,45.773322,8.693731,2,MMP,346.8,8.1,168.0,1.0,0,0,0,0,0,0,0,0
CF,CF17L,45.753694,8.699197,0,IMSL,348.0,8.6,168.0,1.2,2,3000,0,0,0,0,1,0

APPTR,L17L,17L,MMP2
IF,MMP,45.640778,8.734833, ,0.0,0.0,2,5000,0,1,140,0,1,0
FD,MMP,45.640778,8.734833,0,MMP,0.0,8.2,335.0,8.2,2,3000,0,0,0,0,0,0
CF,D348J,45.773322,8.693731,2,MMP,346.8,8.1,168.0,1.0,0,0,0,0,0,0,0,0
CF,CF17L,45.753694,8.699197,0,IMSL,348.0,8.6,168.0,1.2,2,3000,0,0,0,0,1,0

FINAL,L17L,17L,D,5
IF,CF17L,45.753694,8.699197,IMSL,348.0,8.6,2,3000,0,0,0,0,0,0
CF,FL17L,45.720983,8.708297,0,IMSL,348.0,6.6,168.0,2.0,2,2360,0,0,0,0,2,0
CF,30LOC,45.688272,8.717386,0,IMSL,348.0,4.6,168.0,2.0,2,1720,0,0,0,0,0,0
CF,20LOC,45.671917,8.721928,0,IMSL,348.0,3.6,168.0,1.0,2,1400,0,0,0,0,0,0
CF,ML17L,45.655561,8.726467,0,IMSL,348.0,2.6,168.0,1.0,1,1069,0,0,0,0,3,0
CA,0,168.0,2,1170,0,0,0,0,0,0
CF,D168M,45.428117,8.793536,0,MMP,168.0,13.0,168.0,13.0,1,3000,0,0,0,0,0,0
HM,D168M,45.428117,8.793536,2, ,0.0,0.0,348.0,05,0,0,0,0,0,0,0,0,0

APPTR,N35R,35R,NOV
IF,NOV,45.424167,8.793833, ,0.0,0.0,2,4000,0,0,0,0,1,0
CF,D347B,45.456764,8.783986,0,MMP,168.4,11.2,347.0,2.0,2,4000,0,0,0,0,1,0
CF,MAL,45.545833,8.756278,0,MMP,170.0,5.8,347.0,5.5,2,2100,0,0,0,0,0,0

FINAL,N35R,35R,N,2
IF,MAL,45.545833,8.756278,MAL,0.0,0.0,2,2100,0,0,0,0,2,0
CF,MN35R,45.595394,8.742553,0,MAL,0.0,0.0,348.0,3.0,1,1143,0,0,0,0,3,0
CF,D348G,45.652642,8.726672,0,MMP,333.3,0.8,348.0,3.5,2,1450,0,0,0,0,0,1
DF,SRN,45.645972,9.021583,2, ,0.0,0.0,1,4000,0,0,0,0,0,0
HM,SRN,45.645972,9.021583,2, ,0.0,0.0,125.0,04.3,0,0,0,1,210,0,0,0,0

APPTR,R35L,35L,RIGON
IF,RIGON,45.317500,8.978889, ,0.0,0.0,2,4000,0,0,0,0,1,0
TF,PODUG,45.390000,8.789167,0, ,0.0,0.0,0.0,0.0,2,4000,0,0,0,0,1,0

APPTR,R35L,35L,SOKBU
IF,SOKBU,45.279722,8.652500, ,0.0,0.0,2,4000,0,0,0,0,1,0
TF,PODUG,45.390000,8.789167,0, ,0.0,0.0,0.0,0.0,2,4000,0,0,0,0,1,0

FINAL,R35L,35L,G,3
IF,PODUG,45.390000,8.789167, ,0.0,0.0,2,4000,0,0,0,0,0,0
TF,MC702,45.447308,8.773325,0, ,0.0,0.0,348.0,3.5,2,4000,0,0,0,0,2,0
TF,RW35L,45.614406,8.727306,0, ,0.0,0.0,348.0,10.2,1,746,0,0,0,0,3,1
TF,MC706,45.663500,8.713733,0, ,0.0,0.0,0.0,0.0,2,1520,0,0,0,0,0,1
CI,1, ,0.0,225.0,0,0,0,1,200,0,0,0
CF,MC707,45.592092,8.458661,0,MMP,255.0,12.0,255.0,6.0,2,4000,0,0,0,0,0,1
HM,MC707,45.592092,8.458661,2, ,0.0,0.0,75.0,04,2,4000,0,0,0,0,0,0,0

APPTR,R35R,35R,RIGON
IF,RIGON,45.317500,8.978889, ,0.0,0.0,2,4000,0,0,0,0,1,0
TF,XIRNO,45.419444,8.791389,0, ,0.0,0.0,0.0,0.0,2,3500,0,0,0,0,1,0

APPTR,R35R,35R,SOKBU
IF,SOKBU,45.279722,8.652500, ,0.0,0.0,2,4000,0,0,0,0,1,0
TF,XIRNO,45.419444,8.791389,0, ,0.0,0.0,0.0,0.0,2,3500,0,0,0,0,1,0

FINAL,R35R,35R,G,3
IF,XIRNO,45.419444,8.791389, ,0.0,0.0,2,3500,0,0,0,0,0,0
TF,MC801,45.474344,8.776433,0, ,0.0,0.0,348.0,3.4,2,3500,0,0,0,0,2,0
TF,RW35R,45.615750,8.737497,0, ,0.0,0.0,348.0,8.6,1,748,0,0,0,0,3,1
CF,MC803,45.663108,8.724408,0,MMP,340.9,1.4,348.0,2.9,2,1450,0,0,0,0,0,1
CF,MC804,45.689614,8.849744,2,MMP,57.7,5.7,109.0,3.0,2,3500,0,1,200,0,0,0
TF,SRN,45.645972,9.021583,0, ,0.0,0.0,0.0,0.0,2,4000,0,0,0,0,0,0
HM,SRN,45.645972,9.021583,2, ,0.0,0.0,125.0,04.3,2,4000,0,1,210,0,0,0,0

