SID,BEG6X,28,5
VA,0,284.0,2,1200,0,0,0,0,0,0
CF,ME601,45.674794,9.669492,0,BEG,279.8,1.7,284.0,1.0,0,0,0,1,180,0,0,0
TF,ME602,45.641592,9.624778,0, ,0.0,0.0,0.0,0.0,2,3000,0,1,200,0,0,1
CF,ME603,45.544381,9.655747,0,TZO,97.1,6.3,150.0,5.0,0,0,0,0,0,0,0,0
TF,ME604,45.477700,9.628467,0, ,0.0,0.0,0.0,0.0,2,6000,0,0,0,0,0,1
DF,ME606,45.456014,9.735061,1, ,0.0,0.0,0,0,0,0,0,0,0,0
TF,ME607,45.583039,9.807097,0, ,0.0,0.0,0.0,0.0,0,0,0,0,0,0,0,0
TF,BEG,45.669472,9.709194,0, ,0.0,0.0,0.0,0.0,0,0,0,0,0,0,0,0

SID,BEG6X,ABE8T,6
IF,BEG,45.669472,9.709194, ,0.0,0.0,2,10500,0,0,0,0,0,0
TF,D310E,45.724022,9.619328,0, ,0.0,0.0,0.0,0.0,2,12500,0,0,0,0,0,0
TF,ADARI,45.844722,9.419444,0, ,0.0,0.0,0.0,0.0,2,14000,0,0,0,0,0,0
TF,NIKMO,45.992778,9.173056,0, ,0.0,0.0,0.0,0.0,0,0,0,0,0,0,0,0
TF,ABESI,46.159722,9.042778,0, ,0.0,0.0,0.0,0.0,2,15000,0,0,0,0,0,0

SID,BEG6X,ARL9T,6
IF,BEG,45.669472,9.709194, ,0.0,0.0,2,9500,0,0,0,0,0,0
TF,SRN,45.645972,9.021583,0, ,0.0,0.0,0.0,0.0,0,0,0,0,0,0,0,0
TF,IXORA,45.836667,8.588889,0, ,0.0,0.0,0.0,0.0,2,12000,0,0,0,0,0,0
TF,ARLES,45.929444,8.375000,0, ,0.0,0.0,0.0,0.0,2,19000,0,0,0,0,0,0

SID,BEG6X,CAN8T,6
IF,BEG,45.669472,9.709194, ,0.0,0.0,2,10500,0,0,0,0,0,0
TF,D310E,45.724022,9.619328,0, ,0.0,0.0,0.0,0.0,2,12500,0,0,0,0,0,0
TF,ADARI,45.844722,9.419444,0, ,0.0,0.0,0.0,0.0,2,14000,0,0,0,0,0,0
TF,NIKMO,45.992778,9.173056,0, ,0.0,0.0,0.0,0.0,0,0,0,0,0,0,0,0
TF,CANNE,46.166667,8.881111,0, ,0.0,0.0,0.0,0.0,2,15000,0,0,0,0,0,0

SID,BEG6X,DIL9R,6
IF,BEG,45.669472,9.709194, ,0.0,0.0,2,12000,0,0,0,0,0,0
TF,DILEB,45.975000,9.662222,0, ,0.0,0.0,0.0,0.0,2,16000,0,0,0,0,0,0

SID,BEG6X,OME9T,6
IF,BEG,45.669472,9.709194, ,0.0,0.0,2,9500,0,0,0,0,0,0
TF,SRN,45.645972,9.021583,0, ,0.0,0.0,0.0,0.0,0,0,0,0,0,0,0,0
TF,BAVMI,45.703611,8.407778,0, ,0.0,0.0,0.0,0.0,2,15000,0,0,0,0,0,0
TF,OMETO,45.736667,8.042778,0, ,0.0,0.0,0.0,0.0,2,19000,0,0,0,0,0,0

SID,BEG6Y,10,2
CD, ,0,0,0,BEG,0,0.0,104.0,2.0,2,1500,0,1,200,0,0,0
CF,ME603,45.544381,9.655747,2,BEG,195.7,7.8,232.0,6.0,0,0,0,0,0,0,0,0
TF,ME604,45.477700,9.628467,0, ,0.0,0.0,0.0,0.0,2,6000,0,0,0,0,0,1
DF,ME606,45.456014,9.735061,1, ,0.0,0.0,0,0,0,0,0,0,0,0
TF,ME607,45.583039,9.807097,0, ,0.0,0.0,0.0,0.0,0,0,0,0,0,0,0,0
TF,BEG,45.669472,9.709194,0, ,0.0,0.0,0.0,0.0,0,0,0,0,0,0,0,0

SID,BEG6Y,ABE8T,3
IF,BEG,45.669472,9.709194, ,0.0,0.0,2,10500,0,0,0,0,0,0
TF,D310E,45.724022,9.619328,0, ,0.0,0.0,0.0,0.0,2,12500,0,0,0,0,0,0
TF,ADARI,45.844722,9.419444,0, ,0.0,0.0,0.0,0.0,2,14000,0,0,0,0,0,0
TF,NIKMO,45.992778,9.173056,0, ,0.0,0.0,0.0,0.0,0,0,0,0,0,0,0,0
TF,ABESI,46.159722,9.042778,0, ,0.0,0.0,0.0,0.0,2,15000,0,0,0,0,0,0

SID,BEG6Y,ARL9T,3
IF,BEG,45.669472,9.709194, ,0.0,0.0,2,9500,0,0,0,0,0,0
TF,SRN,45.645972,9.021583,0, ,0.0,0.0,0.0,0.0,0,0,0,0,0,0,0,0
TF,IXORA,45.836667,8.588889,0, ,0.0,0.0,0.0,0.0,2,12000,0,0,0,0,0,0
TF,ARLES,45.929444,8.375000,0, ,0.0,0.0,0.0,0.0,2,19000,0,0,0,0,0,0

SID,BEG6Y,CAN8T,3
IF,BEG,45.669472,9.709194, ,0.0,0.0,2,10500,0,0,0,0,0,0
TF,D310E,45.724022,9.619328,0, ,0.0,0.0,0.0,0.0,2,12500,0,0,0,0,0,0
TF,ADARI,45.844722,9.419444,0, ,0.0,0.0,0.0,0.0,2,14000,0,0,0,0,0,0
TF,NIKMO,45.992778,9.173056,0, ,0.0,0.0,0.0,0.0,0,0,0,0,0,0,0,0
TF,CANNE,46.166667,8.881111,0, ,0.0,0.0,0.0,0.0,2,15000,0,0,0,0,0,0

SID,BEG6Y,DIL9R,3
IF,BEG,45.669472,9.709194, ,0.0,0.0,2,12000,0,0,0,0,0,0
TF,DILEB,45.975000,9.662222,0, ,0.0,0.0,0.0,0.0,2,16000,0,0,0,0,0,0

SID,BEG6Y,OME9T,3
IF,BEG,45.669472,9.709194, ,0.0,0.0,2,9500,0,0,0,0,0,0
TF,SRN,45.645972,9.021583,0, ,0.0,0.0,0.0,0.0,0,0,0,0,0,0,0,0
TF,BAVMI,45.703611,8.407778,0, ,0.0,0.0,0.0,0.0,2,15000,0,0,0,0,0,0
TF,OMETO,45.736667,8.042778,0, ,0.0,0.0,0.0,0.0,2,19000,0,0,0,0,0,0

SID,ORI6W,28,5
VA,0,284.0,2,1200,0,0,0,0,0,0
CF,ME601,45.674794,9.669492,0,BEG,279.8,1.7,284.0,1.0,0,0,0,1,180,0,0,0
TF,ME602,45.641592,9.624778,0, ,0.0,0.0,0.0,0.0,2,3000,0,0,0,0,0,0
TF,ME609,45.618069,9.591106,0, ,0.0,0.0,0.0,0.0,2,4000,0,0,0,0,0,0
TF,ME611,45.594569,9.557503,0, ,0.0,0.0,0.0,0.0,0,0,0,1,210,0,0,1
CF,ORI,45.643778,9.841667,1,TZO,69.1,15.0,69.0,12.0,0,0,0,0,0,0,0,0

SID,ORI6W,ABE5N,6
IF,ORI,45.643778,9.841667, ,0.0,0.0,2,9500,0,0,0,0,0,0
TF,D303J,45.738675,9.643053,0, ,0.0,0.0,0.0,0.0,2,12500,0,0,0,0,0,0
TF,ADARI,45.844722,9.419444,0, ,0.0,0.0,0.0,0.0,2,14000,0,0,0,0,0,0
TF,NIKMO,45.992778,9.173056,0, ,0.0,0.0,0.0,0.0,0,0,0,0,0,0,0,0
TF,ABESI,46.159722,9.042778,0, ,0.0,0.0,0.0,0.0,2,15000,0,0,0,0,0,0

SID,ORI6W,CAN5N,6
IF,ORI,45.643778,9.841667, ,0.0,0.0,2,9500,0,0,0,0,0,0
TF,D303J,45.738675,9.643053,0, ,0.0,0.0,0.0,0.0,2,12500,0,0,0,0,0,0
TF,ADARI,45.844722,9.419444,0, ,0.0,0.0,0.0,0.0,2,14000,0,0,0,0,0,0
TF,NIKMO,45.992778,9.173056,0, ,0.0,0.0,0.0,0.0,0,0,0,0,0,0,0,0
TF,CANNE,46.166667,8.881111,0, ,0.0,0.0,0.0,0.0,2,15000,0,0,0,0,0,0

SID,ORI6W,DIL7S,6
IF,ORI,45.643778,9.841667, ,0.0,0.0,2,12000,0,0,0,0,0,0
TF,DILEB,45.975000,9.662222,0, ,0.0,0.0,0.0,0.0,2,16000,0,0,0,0,0,0

SID,ORI6W,OSK8T,6
IF,ORI,45.643778,9.841667, ,0.0,0.0,2,9500,0,0,0,0,0,0
TF,OSKOR,45.649167,10.116667,0, ,0.0,0.0,0.0,0.0,2,12500,0,0,0,0,0,0

SID,ORI6X,28,5
VA,0,284.0,2,1200,0,0,0,0,0,0
CF,ME601,45.674794,9.669492,0,BEG,279.8,1.7,284.0,1.0,0,0,0,1,180,0,0,0
TF,ME602,45.641592,9.624778,0, ,0.0,0.0,0.0,0.0,2,3000,0,0,0,0,0,1
CF,ME603,45.544381,9.655747,0,TZO,97.1,6.3,150.0,5.0,0,0,0,0,0,0,0,0
TF,ME604,45.477700,9.628467,0, ,0.0,0.0,0.0,0.0,2,6000,0,0,0,0,0,1
DF,ME606,45.456014,9.735061,1, ,0.0,0.0,0,0,0,0,0,0,0,0
TF,ORI,45.643778,9.841667,0, ,0.0,0.0,0.0,0.0,0,0,0,0,0,0,0,0

SID,ORI6X,ABE5N,6
IF,ORI,45.643778,9.841667, ,0.0,0.0,2,9500,0,0,0,0,0,0
TF,D303J,45.738675,9.643053,0, ,0.0,0.0,0.0,0.0,2,12500,0,0,0,0,0,0
TF,ADARI,45.844722,9.419444,0, ,0.0,0.0,0.0,0.0,2,14000,0,0,0,0,0,0
TF,NIKMO,45.992778,9.173056,0, ,0.0,0.0,0.0,0.0,0,0,0,0,0,0,0,0
TF,ABESI,46.159722,9.042778,0, ,0.0,0.0,0.0,0.0,2,15000,0,0,0,0,0,0

SID,ORI6X,CAN5N,6
IF,ORI,45.643778,9.841667, ,0.0,0.0,2,9500,0,0,0,0,0,0
TF,D303J,45.738675,9.643053,0, ,0.0,0.0,0.0,0.0,2,12500,0,0,0,0,0,0
TF,ADARI,45.844722,9.419444,0, ,0.0,0.0,0.0,0.0,2,14000,0,0,0,0,0,0
TF,NIKMO,45.992778,9.173056,0, ,0.0,0.0,0.0,0.0,0,0,0,0,0,0,0,0
TF,CANNE,46.166667,8.881111,0, ,0.0,0.0,0.0,0.0,2,15000,0,0,0,0,0,0

SID,ORI6X,DIL7S,6
IF,ORI,45.643778,9.841667, ,0.0,0.0,2,12000,0,0,0,0,0,0
TF,DILEB,45.975000,9.662222,0, ,0.0,0.0,0.0,0.0,2,16000,0,0,0,0,0,0

SID,ORI6X,OSK8T,6
IF,ORI,45.643778,9.841667, ,0.0,0.0,2,9500,0,0,0,0,0,0
TF,OSKOR,45.649167,10.116667,0, ,0.0,0.0,0.0,0.0,2,12500,0,0,0,0,0,0

SID,ORI6Y,10,2
CD, ,0,0,0,BEG,0,0.0,104.0,2.0,2,1500,0,1,200,0,0,0
CF,ME603,45.544381,9.655747,2,BEG,195.7,7.8,232.0,6.0,0,0,0,0,0,0,0,0
TF,ME604,45.477700,9.628467,0, ,0.0,0.0,0.0,0.0,2,6000,0,0,0,0,0,1
DF,ME606,45.456014,9.735061,1, ,0.0,0.0,0,0,0,0,0,0,0,0
TF,ORI,45.643778,9.841667,0, ,0.0,0.0,0.0,0.0,0,0,0,0,0,0,0,0

SID,ORI6Y,ABE5N,3
IF,ORI,45.643778,9.841667, ,0.0,0.0,2,9500,0,0,0,0,0,0
TF,D303J,45.738675,9.643053,0, ,0.0,0.0,0.0,0.0,2,12500,0,0,0,0,0,0
TF,ADARI,45.844722,9.419444,0, ,0.0,0.0,0.0,0.0,2,14000,0,0,0,0,0,0
TF,NIKMO,45.992778,9.173056,0, ,0.0,0.0,0.0,0.0,0,0,0,0,0,0,0,0
TF,ABESI,46.159722,9.042778,0, ,0.0,0.0,0.0,0.0,2,15000,0,0,0,0,0,0

SID,ORI6Y,CAN5N,3
IF,ORI,45.643778,9.841667, ,0.0,0.0,2,9500,0,0,0,0,0,0
TF,D303J,45.738675,9.643053,0, ,0.0,0.0,0.0,0.0,2,12500,0,0,0,0,0,0
TF,ADARI,45.844722,9.419444,0, ,0.0,0.0,0.0,0.0,2,14000,0,0,0,0,0,0
TF,NIKMO,45.992778,9.173056,0, ,0.0,0.0,0.0,0.0,0,0,0,0,0,0,0,0
TF,CANNE,46.166667,8.881111,0, ,0.0,0.0,0.0,0.0,2,15000,0,0,0,0,0,0

SID,ORI6Y,DIL7S,3
IF,ORI,45.643778,9.841667, ,0.0,0.0,2,12000,0,0,0,0,0,0
TF,DILEB,45.975000,9.662222,0, ,0.0,0.0,0.0,0.0,2,16000,0,0,0,0,0,0

SID,ORI6Y,OSK8T,3
IF,ORI,45.643778,9.841667, ,0.0,0.0,2,9500,0,0,0,0,0,0
TF,OSKOR,45.649167,10.116667,0, ,0.0,0.0,0.0,0.0,2,12500,0,0,0,0,0,0

SID,SRN6R,28,2
CD, ,0,0,0,BEG,0,0.0,284.0,2.0,0,0,0,0,0,0,0,0
VI,0, ,0.0,236.0,0,0,0,0,0,0,0,0
CF,D266N,45.658631,9.376844,0,BEG,266.5,14.0,266.0,11.0,2,5000,0,0,0,0,0,0
TF,SRN,45.645972,9.021583,0, ,0.0,0.0,0.0,0.0,2,8500,0,0,0,0,0,0

SID,SRN6R,ARL8R,3
IF,SRN,45.645972,9.021583, ,0.0,0.0,2,8500,0,0,0,0,0,0
TF,IXORA,45.836667,8.588889,0, ,0.0,0.0,0.0,0.0,2,12000,0,0,0,0,0,0
TF,ARLES,45.929444,8.375000,0, ,0.0,0.0,0.0,0.0,2,19000,0,0,0,0,0,0

SID,SRN6R,LAG5R,3
IF,SRN,45.645972,9.021583, ,0.0,0.0,2,8500,0,0,0,0,0,0
TF,MMP,45.640778,8.734833,0, ,0.0,0.0,0.0,0.0,0,0,0,0,0,0,0,0
TF,FARAK,45.554167,8.449167,0, ,0.0,0.0,0.0,0.0,0,0,0,0,0,0,0,0
TF,TONDA,45.109167,8.229722,0, ,0.0,0.0,0.0,0.0,0,0,0,0,0,0,0,0
TF,LAGEN,44.394167,8.498056,0, ,0.0,0.0,0.0,0.0,2,11000,0,0,0,0,0,0

SID,SRN6R,NED5R,3
IF,SRN,45.645972,9.021583, ,0.0,0.0,2,8500,0,0,0,0,0,0
TF,MMP,45.640778,8.734833,0, ,0.0,0.0,0.0,0.0,0,0,0,0,0,0,0,0
TF,FARAK,45.554167,8.449167,0, ,0.0,0.0,0.0,0.0,0,0,0,0,0,0,0,0
TF,TONDA,45.109167,8.229722,0, ,0.0,0.0,0.0,0.0,0,0,0,0,0,0,0,0
TF,NEDED,44.693889,8.140556,0, ,0.0,0.0,0.0,0.0,2,20000,0,0,0,0,0,0

SID,SRN6R,OME8R,3
IF,SRN,45.645972,9.021583, ,0.0,0.0,2,8500,0,0,0,0,0,0
TF,BAVMI,45.703611,8.407778,0, ,0.0,0.0,0.0,0.0,2,15000,0,0,0,0,0,0
TF,OMETO,45.736667,8.042778,0, ,0.0,0.0,0.0,0.0,2,19000,0,0,0,0,0,0

SID,TUVI5R,28,2
CD, ,0,0,0,BEG,0,0.0,284.0,2.0,0,0,0,0,0,0,0,0
CF,TZO,45.559250,9.507083,0,TZO,0.0,0.0,220.0,10.0,2,6000,0,0,0,0,0,0
TF,TUVIB,45.376667,9.624167,0, ,0.0,0.0,0.0,0.0,0,0,0,0,0,0,0,0

SID,TUVI5R,LOG5B,3
IF,TUVIB,45.376667,9.624167, ,0.0,0.0,0,0,0,0,0,0,0,0
TF,PABRO,45.003611,9.957222,0, ,0.0,0.0,0.0,0.0,0,0,0,0,0,0,0,0
TF,LOGDI,44.713056,10.196111,0, ,0.0,0.0,0.0,0.0,2,11500,0,0,0,0,0,0

SID,TUVI5R,RID5B,3
IF,TUVIB,45.376667,9.624167, ,0.0,0.0,0,0,0,0,0,0,0,0
TF,NERBO,45.283333,10.000000,0, ,0.0,0.0,0.0,0.0,0,0,0,0,0,0,0,0
TF,RIDVA,45.165833,10.642222,0, ,0.0,0.0,0.0,0.0,2,19500,0,0,0,0,0,0

SID,TUVI5S,10,2
CD, ,0,0,0,BEG,0,0.0,104.0,2.0,2,1500,0,0,0,0,0,0
CI,0, ,0.0,150.0,0,0,0,0,0,0,0,0
CF,D185L,45.449483,9.818853,0,BEG,159.7,14.0,185.0,9.0,2,4000,0,0,0,0,0,0
TF,TUVIB,45.376667,9.624167,0, ,0.0,0.0,0.0,0.0,0,0,0,0,0,0,0,0

SID,TUVI5S,EKP5B,3
IF,TUVIB,45.376667,9.624167, ,0.0,0.0,0,0,0,0,0,0,0,0
TF,TOVSA,45.085556,9.613889,0, ,0.0,0.0,0.0,0.0,0,0,0,0,0,0,0,0
TF,APRIV,44.682500,9.876389,0, ,0.0,0.0,0.0,0.0,2,10500,0,0,0,0,0,0
TF,EKPAL,44.484167,10.162500,0, ,0.0,0.0,0.0,0.0,2,19500,0,0,0,0,0,0

SID,TUVI5S,GEN5A,3
IF,TUVIB,45.376667,9.624167, ,0.0,0.0,0,0,0,0,0,0,0,0
TF,TOVSA,45.085556,9.613889,0, ,0.0,0.0,0.0,0.0,0,0,0,0,0,0,0,0
TF,RUTUG,44.970000,9.165278,0, ,0.0,0.0,0.0,0.0,2,10500,0,0,0,0,0,0
TF,GEN,44.424444,9.082333,0, ,0.0,0.0,0.0,0.0,0,0,0,0,0,0,0,0

SID,TUVI5S,GEN5B,3
IF,TUVIB,45.376667,9.624167, ,0.0,0.0,0,0,0,0,0,0,0,0
TF,TOVSA,45.085556,9.613889,0, ,0.0,0.0,0.0,0.0,0,0,0,0,0,0,0,0
TF,APRIV,44.682500,9.876389,0, ,0.0,0.0,0.0,0.0,2,10500,0,0,0,0,0,0
TF,GEN,44.424444,9.082333,0, ,0.0,0.0,0.0,0.0,0,0,0,0,0,0,0,0

SID,TUVI5S,LOG5B,3
IF,TUVIB,45.376667,9.624167, ,0.0,0.0,0,0,0,0,0,0,0,0
TF,PABRO,45.003611,9.957222,0, ,0.0,0.0,0.0,0.0,0,0,0,0,0,0,0,0
TF,LOGDI,44.713056,10.196111,0, ,0.0,0.0,0.0,0.0,2,11500,0,0,0,0,0,0

SID,TUVI5S,RID5B,3
IF,TUVIB,45.376667,9.624167, ,0.0,0.0,0,0,0,0,0,0,0,0
TF,NERBO,45.283333,10.000000,0, ,0.0,0.0,0.0,0.0,0,0,0,0,0,0,0,0
TF,RIDVA,45.165833,10.642222,0, ,0.0,0.0,0.0,0.0,2,19500,0,0,0,0,0,0

SID,TUVI5S,VOG6B,3
IF,TUVIB,45.376667,9.624167, ,0.0,0.0,0,0,0,0,0,0,0,0
TF,TOVSA,45.085556,9.613889,0, ,0.0,0.0,0.0,0.0,0,0,0,0,0,0,0,0
TF,VOG,44.964528,8.970194,0, ,0.0,0.0,0.0,0.0,2,10000,0,0,0,0,0,0

SID,TUVI5W,28,5
VA,0,284.0,2,1200,0,0,0,0,0,0
CF,ME601,45.674794,9.669492,0,BEG,279.8,1.7,284.0,1.0,0,0,0,1,180,0,0,0
TF,ME602,45.641592,9.624778,0, ,0.0,0.0,0.0,0.0,2,3000,0,0,0,0,0,0
TF,ME609,45.618069,9.591106,0, ,0.0,0.0,0.0,0.0,2,4000,0,0,0,0,0,0
TF,TZO,45.559250,9.507083,0, ,0.0,0.0,0.0,0.0,0,0,0,0,0,0,0,0
TF,TUVIB,45.376667,9.624167,0, ,0.0,0.0,0.0,0.0,0,0,0,0,0,0,0,0

SID,TUVI5W,LOG5B,6
IF,TUVIB,45.376667,9.624167, ,0.0,0.0,0,0,0,0,0,0,0,0
TF,PABRO,45.003611,9.957222,0, ,0.0,0.0,0.0,0.0,0,0,0,0,0,0,0,0
TF,LOGDI,44.713056,10.196111,0, ,0.0,0.0,0.0,0.0,2,11500,0,0,0,0,0,0

SID,TUVI5W,RID5B,6
IF,TUVIB,45.376667,9.624167, ,0.0,0.0,0,0,0,0,0,0,0,0
TF,NERBO,45.283333,10.000000,0, ,0.0,0.0,0.0,0.0,0,0,0,0,0,0,0,0
TF,RIDVA,45.165833,10.642222,0, ,0.0,0.0,0.0,0.0,2,19500,0,0,0,0,0,0

SID,TUVI5X,28,5
VA,0,284.0,2,1200,0,0,0,0,0,0
CF,ME601,45.674794,9.669492,0,BEG,279.8,1.7,284.0,1.0,0,0,0,1,180,0,0,0
TF,ME602,45.641592,9.624778,0, ,0.0,0.0,0.0,0.0,2,3000,0,0,0,0,0,1
CF,ME603,45.544381,9.655747,0,BEG,195.7,7.8,150.0,5.0,0,0,0,0,0,0,0,0
CF,ME604,45.477700,9.628467,0,BEG,195.5,12.0,195.0,4.0,2,6000,0,0,0,0,0,0
CF,TUVIB,45.376667,9.624167,0,BEG,190.6,17.9,181.0,6.0,0,0,0,0,0,0,0,0

SID,TUVI5X,LOG5B,6
IF,TUVIB,45.376667,9.624167, ,0.0,0.0,0,0,0,0,0,0,0,0
TF,PABRO,45.003611,9.957222,0, ,0.0,0.0,0.0,0.0,0,0,0,0,0,0,0,0
TF,LOGDI,44.713056,10.196111,0, ,0.0,0.0,0.0,0.0,2,11500,0,0,0,0,0,0

SID,TUVI5X,RID5B,6
IF,TUVIB,45.376667,9.624167, ,0.0,0.0,0,0,0,0,0,0,0,0
TF,NERBO,45.283333,10.000000,0, ,0.0,0.0,0.0,0.0,0,0,0,0,0,0,0,0
TF,RIDVA,45.165833,10.642222,0, ,0.0,0.0,0.0,0.0,2,19500,0,0,0,0,0,0

SID,TUVI5Y,10,2
CD, ,0,0,0,BEG,0,0.0,104.0,2.0,2,1500,0,1,200,0,0,0
CF,ME603,45.544381,9.655747,2,BEG,195.7,7.8,232.0,6.0,0,0,0,0,0,0,0,0
TF,ME604,45.477700,9.628467,0, ,0.0,0.0,0.0,0.0,2,6000,0,0,0,0,0,0
TF,TUVIB,45.376667,9.624167,0, ,0.0,0.0,0.0,0.0,0,0,0,0,0,0,0,0

SID,TUVI5Y,EKP5B,3
IF,TUVIB,45.376667,9.624167, ,0.0,0.0,0,0,0,0,0,0,0,0
TF,TOVSA,45.085556,9.613889,0, ,0.0,0.0,0.0,0.0,0,0,0,0,0,0,0,0
TF,APRIV,44.682500,9.876389,0, ,0.0,0.0,0.0,0.0,2,10500,0,0,0,0,0,0
TF,EKPAL,44.484167,10.162500,0, ,0.0,0.0,0.0,0.0,2,19500,0,0,0,0,0,0

SID,TUVI5Y,GEN5A,3
IF,TUVIB,45.376667,9.624167, ,0.0,0.0,0,0,0,0,0,0,0,0
TF,TOVSA,45.085556,9.613889,0, ,0.0,0.0,0.0,0.0,0,0,0,0,0,0,0,0
TF,RUTUG,44.970000,9.165278,0, ,0.0,0.0,0.0,0.0,2,10500,0,0,0,0,0,0
TF,GEN,44.424444,9.082333,0, ,0.0,0.0,0.0,0.0,0,0,0,0,0,0,0,0

SID,TUVI5Y,GEN5B,3
IF,TUVIB,45.376667,9.624167, ,0.0,0.0,0,0,0,0,0,0,0,0
TF,TOVSA,45.085556,9.613889,0, ,0.0,0.0,0.0,0.0,0,0,0,0,0,0,0,0
TF,APRIV,44.682500,9.876389,0, ,0.0,0.0,0.0,0.0,2,10500,0,0,0,0,0,0
TF,GEN,44.424444,9.082333,0, ,0.0,0.0,0.0,0.0,0,0,0,0,0,0,0,0

SID,TUVI5Y,LOG5B,3
IF,TUVIB,45.376667,9.624167, ,0.0,0.0,0,0,0,0,0,0,0,0
TF,PABRO,45.003611,9.957222,0, ,0.0,0.0,0.0,0.0,0,0,0,0,0,0,0,0
TF,LOGDI,44.713056,10.196111,0, ,0.0,0.0,0.0,0.0,2,11500,0,0,0,0,0,0

SID,TUVI5Y,RID5B,3
IF,TUVIB,45.376667,9.624167, ,0.0,0.0,0,0,0,0,0,0,0,0
TF,NERBO,45.283333,10.000000,0, ,0.0,0.0,0.0,0.0,0,0,0,0,0,0,0,0
TF,RIDVA,45.165833,10.642222,0, ,0.0,0.0,0.0,0.0,2,19500,0,0,0,0,0,0

SID,TUVI5Y,VOG6B,3
IF,TUVIB,45.376667,9.624167, ,0.0,0.0,0,0,0,0,0,0,0,0
TF,TOVSA,45.085556,9.613889,0, ,0.0,0.0,0.0,0.0,0,0,0,0,0,0,0,0
TF,VOG,44.964528,8.970194,0, ,0.0,0.0,0.0,0.0,2,10000,0,0,0,0,0,0

SID,TZO6R,28,2
CD, ,0,0,0,BEG,0,0.0,284.0,2.0,0,0,0,0,0,0,0,0
CF,TZO,45.559250,9.507083,0,TZO,0.0,0.0,220.0,10.0,0,0,0,0,0,0,0,0

SID,TZO6R,ABE5R,3
IF,TZO,45.559250,9.507083, ,0.0,0.0,2,8500,0,0,0,0,0,0
TF,OLPUR,45.648333,9.619167,0, ,0.0,0.0,0.0,0.0,0,0,0,0,0,0,0,1
CF,D310E,45.724022,9.619328,1,BEG,309.9,5.0,310.0,2.0,2,12500,0,0,0,0,0,0
TF,ADARI,45.844722,9.419444,0, ,0.0,0.0,0.0,0.0,2,14000,0,0,0,0,0,0
TF,NIKMO,45.992778,9.173056,0, ,0.0,0.0,0.0,0.0,0,0,0,0,0,0,0,0
TF,ABESI,46.159722,9.042778,0, ,0.0,0.0,0.0,0.0,2,15000,0,0,0,0,0,0

SID,TZO6R,CAN5R,3
IF,TZO,45.559250,9.507083, ,0.0,0.0,2,8500,0,0,0,0,0,0
TF,OLPUR,45.648333,9.619167,0, ,0.0,0.0,0.0,0.0,0,0,0,0,0,0,0,1
CF,D310E,45.724022,9.619328,1,BEG,309.9,5.0,310.0,2.0,2,12500,0,0,0,0,0,0
TF,ADARI,45.844722,9.419444,0, ,0.0,0.0,0.0,0.0,2,14000,0,0,0,0,0,0
TF,NIKMO,45.992778,9.173056,0, ,0.0,0.0,0.0,0.0,0,0,0,0,0,0,0,0
TF,CANNE,46.166667,8.881111,0, ,0.0,0.0,0.0,0.0,2,15000,0,0,0,0,0,0

SID,TZO6R,DIL9T,3
IF,TZO,45.559250,9.507083, ,0.0,0.0,2,8500,0,0,0,0,0,0
TF,LEGLO,45.650278,9.769444,0, ,0.0,0.0,0.0,0.0,2,13000,0,0,0,0,0,0
TF,DILEB,45.975000,9.662222,0, ,0.0,0.0,0.0,0.0,2,16000,0,0,0,0,0,0

SID,TZO6R,EKP5V,3
IF,TZO,45.559250,9.507083, ,0.0,0.0,2,6000,0,0,0,0,0,0
TF,ABSEM,45.483889,9.398056,0, ,0.0,0.0,0.0,0.0,0,0,0,0,0,0,0,0
TF,ATGAM,45.414444,9.382500,0, ,0.0,0.0,0.0,0.0,0,0,0,0,0,0,0,0
TF,TOVSA,45.085556,9.613889,0, ,0.0,0.0,0.0,0.0,0,0,0,0,0,0,0,0
TF,APRIV,44.682500,9.876389,0, ,0.0,0.0,0.0,0.0,2,10500,0,0,0,0,0,0
TF,EKPAL,44.484167,10.162500,0, ,0.0,0.0,0.0,0.0,2,19500,0,0,0,0,0,0

SID,TZO6R,GEN5D,3
IF,TZO,45.559250,9.507083, ,0.0,0.0,2,6000,0,0,0,0,0,0
TF,ABSEM,45.483889,9.398056,0, ,0.0,0.0,0.0,0.0,0,0,0,0,0,0,0,0
TF,ATGAM,45.414444,9.382500,0, ,0.0,0.0,0.0,0.0,0,0,0,0,0,0,0,0
TF,TOVSA,45.085556,9.613889,0, ,0.0,0.0,0.0,0.0,0,0,0,0,0,0,0,0
TF,APRIV,44.682500,9.876389,0, ,0.0,0.0,0.0,0.0,2,10500,0,0,0,0,0,0
TF,GEN,44.424444,9.082333,0, ,0.0,0.0,0.0,0.0,0,0,0,0,0,0,0,0

SID,TZO6R,GEN5U,3
IF,TZO,45.559250,9.507083, ,0.0,0.0,2,6000,0,0,0,0,0,0
TF,ABSEM,45.483889,9.398056,0, ,0.0,0.0,0.0,0.0,0,0,0,0,0,0,0,0
TF,ATGAM,45.414444,9.382500,0, ,0.0,0.0,0.0,0.0,0,0,0,0,0,0,0,0
TF,OKDAK,45.274444,9.435278,0, ,0.0,0.0,0.0,0.0,0,0,0,0,0,0,0,0
TF,RUTUG,44.970000,9.165278,0, ,0.0,0.0,0.0,0.0,2,10500,0,0,0,0,0,0
TF,GEN,44.424444,9.082333,0, ,0.0,0.0,0.0,0.0,0,0,0,0,0,0,0,0

SID,TZO6R,OSK5R,3
IF,TZO,45.559250,9.507083, ,0.0,0.0,2,6000,0,0,0,0,0,0
TF,ORI,45.643778,9.841667,0, ,0.0,0.0,0.0,0.0,2,9500,0,0,0,0,0,0
TF,OSKOR,45.649167,10.116667,0, ,0.0,0.0,0.0,0.0,2,12500,0,0,0,0,0,0

SID,TZO6R,VOG5U,3
IF,TZO,45.559250,9.507083, ,0.0,0.0,2,6000,0,0,0,0,0,0
TF,ABSEM,45.483889,9.398056,0, ,0.0,0.0,0.0,0.0,0,0,0,0,0,0,0,0
TF,VOG,44.964528,8.970194,0, ,0.0,0.0,0.0,0.0,2,10000,0,0,0,0,0,0

SID,TZO6R,VOG5V,3
IF,TZO,45.559250,9.507083, ,0.0,0.0,2,6000,0,0,0,0,0,0
TF,ABSEM,45.483889,9.398056,0, ,0.0,0.0,0.0,0.0,0,0,0,0,0,0,0,0
TF,ATGAM,45.414444,9.382500,0, ,0.0,0.0,0.0,0.0,0,0,0,0,0,0,0,0
TF,TOVSA,45.085556,9.613889,0, ,0.0,0.0,0.0,0.0,0,0,0,0,0,0,0,0
TF,VOG,44.964528,8.970194,2, ,0.0,0.0,0.0,0.0,2,10000,0,0,0,0,0,0

SID,TZO6S,10,2
CD, ,0,0,0,BEG,0,0.0,104.0,2.0,2,1500,0,0,0,0,0,0
CI,0, ,0.0,150.0,0,0,0,0,0,0,0,0
CF,D185L,45.449483,9.818853,0,BEG,159.7,14.0,185.0,9.0,2,4000,0,0,0,0,0,0
VI,2, ,0.0,285.0,0,0,0,0,0,0,0,0
CF,TZO,45.559250,9.507083,0,TZO,0.0,0.0,315.0,12.0,0,0,0,0,0,0,0,0

SID,TZO6S,ABE5R,3
IF,TZO,45.559250,9.507083, ,0.0,0.0,2,8500,0,0,0,0,0,0
TF,OLPUR,45.648333,9.619167,0, ,0.0,0.0,0.0,0.0,0,0,0,0,0,0,0,1
CF,D310E,45.724022,9.619328,1,BEG,309.9,5.0,310.0,2.0,2,12500,0,0,0,0,0,0
TF,ADARI,45.844722,9.419444,0, ,0.0,0.0,0.0,0.0,2,14000,0,0,0,0,0,0
TF,NIKMO,45.992778,9.173056,0, ,0.0,0.0,0.0,0.0,0,0,0,0,0,0,0,0
TF,ABESI,46.159722,9.042778,0, ,0.0,0.0,0.0,0.0,2,15000,0,0,0,0,0,0

SID,TZO6S,CAN5R,3
IF,TZO,45.559250,9.507083, ,0.0,0.0,2,8500,0,0,0,0,0,0
TF,OLPUR,45.648333,9.619167,0, ,0.0,0.0,0.0,0.0,0,0,0,0,0,0,0,1
CF,D310E,45.724022,9.619328,1,BEG,309.9,5.0,310.0,2.0,2,12500,0,0,0,0,0,0
TF,ADARI,45.844722,9.419444,0, ,0.0,0.0,0.0,0.0,2,14000,0,0,0,0,0,0
TF,NIKMO,45.992778,9.173056,0, ,0.0,0.0,0.0,0.0,0,0,0,0,0,0,0,0
TF,CANNE,46.166667,8.881111,0, ,0.0,0.0,0.0,0.0,2,15000,0,0,0,0,0,0

SID,TZO6S,DIL9T,3
IF,TZO,45.559250,9.507083, ,0.0,0.0,2,8500,0,0,0,0,0,0
TF,LEGLO,45.650278,9.769444,0, ,0.0,0.0,0.0,0.0,2,13000,0,0,0,0,0,0
TF,DILEB,45.975000,9.662222,0, ,0.0,0.0,0.0,0.0,2,16000,0,0,0,0,0,0

SID,TZO6S,EKP5V,3
IF,TZO,45.559250,9.507083, ,0.0,0.0,2,6000,0,0,0,0,0,0
TF,ABSEM,45.483889,9.398056,0, ,0.0,0.0,0.0,0.0,0,0,0,0,0,0,0,0
TF,ATGAM,45.414444,9.382500,0, ,0.0,0.0,0.0,0.0,0,0,0,0,0,0,0,0
TF,TOVSA,45.085556,9.613889,0, ,0.0,0.0,0.0,0.0,0,0,0,0,0,0,0,0
TF,APRIV,44.682500,9.876389,0, ,0.0,0.0,0.0,0.0,2,10500,0,0,0,0,0,0
TF,EKPAL,44.484167,10.162500,0, ,0.0,0.0,0.0,0.0,2,19500,0,0,0,0,0,0

SID,TZO6S,GEN5D,3
IF,TZO,45.559250,9.507083, ,0.0,0.0,2,6000,0,0,0,0,0,0
TF,ABSEM,45.483889,9.398056,0, ,0.0,0.0,0.0,0.0,0,0,0,0,0,0,0,0
TF,ATGAM,45.414444,9.382500,0, ,0.0,0.0,0.0,0.0,0,0,0,0,0,0,0,0
TF,TOVSA,45.085556,9.613889,0, ,0.0,0.0,0.0,0.0,0,0,0,0,0,0,0,0
TF,APRIV,44.682500,9.876389,0, ,0.0,0.0,0.0,0.0,2,10500,0,0,0,0,0,0
TF,GEN,44.424444,9.082333,0, ,0.0,0.0,0.0,0.0,0,0,0,0,0,0,0,0

SID,TZO6S,GEN5U,3
IF,TZO,45.559250,9.507083, ,0.0,0.0,2,6000,0,0,0,0,0,0
TF,ABSEM,45.483889,9.398056,0, ,0.0,0.0,0.0,0.0,0,0,0,0,0,0,0,0
TF,ATGAM,45.414444,9.382500,0, ,0.0,0.0,0.0,0.0,0,0,0,0,0,0,0,0
TF,OKDAK,45.274444,9.435278,0, ,0.0,0.0,0.0,0.0,0,0,0,0,0,0,0,0
TF,RUTUG,44.970000,9.165278,0, ,0.0,0.0,0.0,0.0,2,10500,0,0,0,0,0,0
TF,GEN,44.424444,9.082333,0, ,0.0,0.0,0.0,0.0,0,0,0,0,0,0,0,0

SID,TZO6S,OSK5R,3
IF,TZO,45.559250,9.507083, ,0.0,0.0,2,6000,0,0,0,0,0,0
TF,ORI,45.643778,9.841667,0, ,0.0,0.0,0.0,0.0,2,9500,0,0,0,0,0,0
TF,OSKOR,45.649167,10.116667,0, ,0.0,0.0,0.0,0.0,2,12500,0,0,0,0,0,0

SID,TZO6S,VOG5U,3
IF,TZO,45.559250,9.507083, ,0.0,0.0,2,6000,0,0,0,0,0,0
TF,ABSEM,45.483889,9.398056,0, ,0.0,0.0,0.0,0.0,0,0,0,0,0,0,0,0
TF,VOG,44.964528,8.970194,0, ,0.0,0.0,0.0,0.0,2,10000,0,0,0,0,0,0

SID,TZO6S,VOG5V,3
IF,TZO,45.559250,9.507083, ,0.0,0.0,2,6000,0,0,0,0,0,0
TF,ABSEM,45.483889,9.398056,0, ,0.0,0.0,0.0,0.0,0,0,0,0,0,0,0,0
TF,ATGAM,45.414444,9.382500,0, ,0.0,0.0,0.0,0.0,0,0,0,0,0,0,0,0
TF,TOVSA,45.085556,9.613889,0, ,0.0,0.0,0.0,0.0,0,0,0,0,0,0,0,0
TF,VOG,44.964528,8.970194,2, ,0.0,0.0,0.0,0.0,2,10000,0,0,0,0,0,0

SID,TZO6W,28,5
VA,0,284.0,2,1200,0,0,0,0,0,0
CF,ME601,45.674794,9.669492,0,BEG,279.8,1.7,284.0,1.0,0,0,0,1,180,0,0,0
TF,ME602,45.641592,9.624778,0, ,0.0,0.0,0.0,0.0,2,3000,0,0,0,0,0,0
TF,ME609,45.618069,9.591106,0, ,0.0,0.0,0.0,0.0,2,4000,0,0,0,0,0,0
TF,TZO,45.559250,9.507083,0, ,0.0,0.0,0.0,0.0,0,0,0,0,0,0,0,0

SID,TZO6W,ABE5R,6
IF,TZO,45.559250,9.507083, ,0.0,0.0,2,8500,0,0,0,0,0,0
TF,OLPUR,45.648333,9.619167,0, ,0.0,0.0,0.0,0.0,0,0,0,0,0,0,0,1
CF,D310E,45.724022,9.619328,1,BEG,309.9,5.0,310.0,2.0,2,12500,0,0,0,0,0,0
TF,ADARI,45.844722,9.419444,0, ,0.0,0.0,0.0,0.0,2,14000,0,0,0,0,0,0
TF,NIKMO,45.992778,9.173056,0, ,0.0,0.0,0.0,0.0,0,0,0,0,0,0,0,0
TF,ABESI,46.159722,9.042778,0, ,0.0,0.0,0.0,0.0,2,15000,0,0,0,0,0,0

SID,TZO6W,CAN5R,6
IF,TZO,45.559250,9.507083, ,0.0,0.0,2,8500,0,0,0,0,0,0
TF,OLPUR,45.648333,9.619167,0, ,0.0,0.0,0.0,0.0,0,0,0,0,0,0,0,1
CF,D310E,45.724022,9.619328,1,BEG,309.9,5.0,310.0,2.0,2,12500,0,0,0,0,0,0
TF,ADARI,45.844722,9.419444,0, ,0.0,0.0,0.0,0.0,2,14000,0,0,0,0,0,0
TF,NIKMO,45.992778,9.173056,0, ,0.0,0.0,0.0,0.0,0,0,0,0,0,0,0,0
TF,CANNE,46.166667,8.881111,0, ,0.0,0.0,0.0,0.0,2,15000,0,0,0,0,0,0

SID,TZO6W,DIL9T,6
IF,TZO,45.559250,9.507083, ,0.0,0.0,2,8500,0,0,0,0,0,0
TF,LEGLO,45.650278,9.769444,0, ,0.0,0.0,0.0,0.0,2,13000,0,0,0,0,0,0
TF,DILEB,45.975000,9.662222,0, ,0.0,0.0,0.0,0.0,2,16000,0,0,0,0,0,0

SID,TZO6W,EKP5V,6
IF,TZO,45.559250,9.507083, ,0.0,0.0,2,6000,0,0,0,0,0,0
TF,ABSEM,45.483889,9.398056,0, ,0.0,0.0,0.0,0.0,0,0,0,0,0,0,0,0
TF,ATGAM,45.414444,9.382500,0, ,0.0,0.0,0.0,0.0,0,0,0,0,0,0,0,0
TF,TOVSA,45.085556,9.613889,0, ,0.0,0.0,0.0,0.0,0,0,0,0,0,0,0,0
TF,APRIV,44.682500,9.876389,0, ,0.0,0.0,0.0,0.0,2,10500,0,0,0,0,0,0
TF,EKPAL,44.484167,10.162500,0, ,0.0,0.0,0.0,0.0,2,19500,0,0,0,0,0,0

SID,TZO6W,GEN5D,6
IF,TZO,45.559250,9.507083, ,0.0,0.0,2,6000,0,0,0,0,0,0
TF,ABSEM,45.483889,9.398056,0, ,0.0,0.0,0.0,0.0,0,0,0,0,0,0,0,0
TF,ATGAM,45.414444,9.382500,0, ,0.0,0.0,0.0,0.0,0,0,0,0,0,0,0,0
TF,TOVSA,45.085556,9.613889,0, ,0.0,0.0,0.0,0.0,0,0,0,0,0,0,0,0
TF,APRIV,44.682500,9.876389,0, ,0.0,0.0,0.0,0.0,2,10500,0,0,0,0,0,0
TF,GEN,44.424444,9.082333,0, ,0.0,0.0,0.0,0.0,0,0,0,0,0,0,0,0

SID,TZO6W,GEN5U,6
IF,TZO,45.559250,9.507083, ,0.0,0.0,2,6000,0,0,0,0,0,0
TF,ABSEM,45.483889,9.398056,0, ,0.0,0.0,0.0,0.0,0,0,0,0,0,0,0,0
TF,ATGAM,45.414444,9.382500,0, ,0.0,0.0,0.0,0.0,0,0,0,0,0,0,0,0
TF,OKDAK,45.274444,9.435278,0, ,0.0,0.0,0.0,0.0,0,0,0,0,0,0,0,0
TF,RUTUG,44.970000,9.165278,0, ,0.0,0.0,0.0,0.0,2,10500,0,0,0,0,0,0
TF,GEN,44.424444,9.082333,0, ,0.0,0.0,0.0,0.0,0,0,0,0,0,0,0,0

SID,TZO6W,OSK5R,6
IF,TZO,45.559250,9.507083, ,0.0,0.0,2,6000,0,0,0,0,0,0
TF,ORI,45.643778,9.841667,0, ,0.0,0.0,0.0,0.0,2,9500,0,0,0,0,0,0
TF,OSKOR,45.649167,10.116667,0, ,0.0,0.0,0.0,0.0,2,12500,0,0,0,0,0,0

SID,TZO6W,VOG5U,6
IF,TZO,45.559250,9.507083, ,0.0,0.0,2,6000,0,0,0,0,0,0
TF,ABSEM,45.483889,9.398056,0, ,0.0,0.0,0.0,0.0,0,0,0,0,0,0,0,0
TF,VOG,44.964528,8.970194,0, ,0.0,0.0,0.0,0.0,2,10000,0,0,0,0,0,0

SID,TZO6W,VOG5V,6
IF,TZO,45.559250,9.507083, ,0.0,0.0,2,6000,0,0,0,0,0,0
TF,ABSEM,45.483889,9.398056,0, ,0.0,0.0,0.0,0.0,0,0,0,0,0,0,0,0
TF,ATGAM,45.414444,9.382500,0, ,0.0,0.0,0.0,0.0,0,0,0,0,0,0,0,0
TF,TOVSA,45.085556,9.613889,0, ,0.0,0.0,0.0,0.0,0,0,0,0,0,0,0,0
TF,VOG,44.964528,8.970194,2, ,0.0,0.0,0.0,0.0,2,10000,0,0,0,0,0,0

SID,TZO6X,28,5
VA,0,284.0,2,1200,0,0,0,0,0,0
CF,ME601,45.674794,9.669492,0,BEG,279.8,1.7,284.0,1.0,0,0,0,1,180,0,0,0
TF,ME602,45.641592,9.624778,0, ,0.0,0.0,0.0,0.0,2,3000,0,0,0,0,0,1
CF,ME603,45.544381,9.655747,0,TZO,97.1,6.3,150.0,5.0,0,0,0,0,0,0,0,0
TF,ME604,45.477700,9.628467,0, ,0.0,0.0,0.0,0.0,2,6000,0,0,0,0,0,1
DF,TZO,45.559250,9.507083,2, ,0.0,0.0,0,0,0,0,0,0,0,0

SID,TZO6X,ABE5R,6
IF,TZO,45.559250,9.507083, ,0.0,0.0,2,8500,0,0,0,0,0,0
TF,OLPUR,45.648333,9.619167,0, ,0.0,0.0,0.0,0.0,0,0,0,0,0,0,0,1
CF,D310E,45.724022,9.619328,1,BEG,309.9,5.0,310.0,2.0,2,12500,0,0,0,0,0,0
TF,ADARI,45.844722,9.419444,0, ,0.0,0.0,0.0,0.0,2,14000,0,0,0,0,0,0
TF,NIKMO,45.992778,9.173056,0, ,0.0,0.0,0.0,0.0,0,0,0,0,0,0,0,0
TF,ABESI,46.159722,9.042778,0, ,0.0,0.0,0.0,0.0,2,15000,0,0,0,0,0,0

SID,TZO6X,CAN5R,6
IF,TZO,45.559250,9.507083, ,0.0,0.0,2,8500,0,0,0,0,0,0
TF,OLPUR,45.648333,9.619167,0, ,0.0,0.0,0.0,0.0,0,0,0,0,0,0,0,1
CF,D310E,45.724022,9.619328,1,BEG,309.9,5.0,310.0,2.0,2,12500,0,0,0,0,0,0
TF,ADARI,45.844722,9.419444,0, ,0.0,0.0,0.0,0.0,2,14000,0,0,0,0,0,0
TF,NIKMO,45.992778,9.173056,0, ,0.0,0.0,0.0,0.0,0,0,0,0,0,0,0,0
TF,CANNE,46.166667,8.881111,0, ,0.0,0.0,0.0,0.0,2,15000,0,0,0,0,0,0

SID,TZO6X,DIL9T,6
IF,TZO,45.559250,9.507083, ,0.0,0.0,2,8500,0,0,0,0,0,0
TF,LEGLO,45.650278,9.769444,0, ,0.0,0.0,0.0,0.0,2,13000,0,0,0,0,0,0
TF,DILEB,45.975000,9.662222,0, ,0.0,0.0,0.0,0.0,2,16000,0,0,0,0,0,0

SID,TZO6X,EKP5V,6
IF,TZO,45.559250,9.507083, ,0.0,0.0,2,6000,0,0,0,0,0,0
TF,ABSEM,45.483889,9.398056,0, ,0.0,0.0,0.0,0.0,0,0,0,0,0,0,0,0
TF,ATGAM,45.414444,9.382500,0, ,0.0,0.0,0.0,0.0,0,0,0,0,0,0,0,0
TF,TOVSA,45.085556,9.613889,0, ,0.0,0.0,0.0,0.0,0,0,0,0,0,0,0,0
TF,APRIV,44.682500,9.876389,0, ,0.0,0.0,0.0,0.0,2,10500,0,0,0,0,0,0
TF,EKPAL,44.484167,10.162500,0, ,0.0,0.0,0.0,0.0,2,19500,0,0,0,0,0,0

SID,TZO6X,GEN5D,6
IF,TZO,45.559250,9.507083, ,0.0,0.0,2,6000,0,0,0,0,0,0
TF,ABSEM,45.483889,9.398056,0, ,0.0,0.0,0.0,0.0,0,0,0,0,0,0,0,0
TF,ATGAM,45.414444,9.382500,0, ,0.0,0.0,0.0,0.0,0,0,0,0,0,0,0,0
TF,TOVSA,45.085556,9.613889,0, ,0.0,0.0,0.0,0.0,0,0,0,0,0,0,0,0
TF,APRIV,44.682500,9.876389,0, ,0.0,0.0,0.0,0.0,2,10500,0,0,0,0,0,0
TF,GEN,44.424444,9.082333,0, ,0.0,0.0,0.0,0.0,0,0,0,0,0,0,0,0

SID,TZO6X,GEN5U,6
IF,TZO,45.559250,9.507083, ,0.0,0.0,2,6000,0,0,0,0,0,0
TF,ABSEM,45.483889,9.398056,0, ,0.0,0.0,0.0,0.0,0,0,0,0,0,0,0,0
TF,ATGAM,45.414444,9.382500,0, ,0.0,0.0,0.0,0.0,0,0,0,0,0,0,0,0
TF,OKDAK,45.274444,9.435278,0, ,0.0,0.0,0.0,0.0,0,0,0,0,0,0,0,0
TF,RUTUG,44.970000,9.165278,0, ,0.0,0.0,0.0,0.0,2,10500,0,0,0,0,0,0
TF,GEN,44.424444,9.082333,0, ,0.0,0.0,0.0,0.0,0,0,0,0,0,0,0,0

SID,TZO6X,OSK5R,6
IF,TZO,45.559250,9.507083, ,0.0,0.0,2,6000,0,0,0,0,0,0
TF,ORI,45.643778,9.841667,0, ,0.0,0.0,0.0,0.0,2,9500,0,0,0,0,0,0
TF,OSKOR,45.649167,10.116667,0, ,0.0,0.0,0.0,0.0,2,12500,0,0,0,0,0,0

SID,TZO6X,VOG5U,6
IF,TZO,45.559250,9.507083, ,0.0,0.0,2,6000,0,0,0,0,0,0
TF,ABSEM,45.483889,9.398056,0, ,0.0,0.0,0.0,0.0,0,0,0,0,0,0,0,0
TF,VOG,44.964528,8.970194,0, ,0.0,0.0,0.0,0.0,2,10000,0,0,0,0,0,0

SID,TZO6X,VOG5V,6
IF,TZO,45.559250,9.507083, ,0.0,0.0,2,6000,0,0,0,0,0,0
TF,ABSEM,45.483889,9.398056,0, ,0.0,0.0,0.0,0.0,0,0,0,0,0,0,0,0
TF,ATGAM,45.414444,9.382500,0, ,0.0,0.0,0.0,0.0,0,0,0,0,0,0,0,0
TF,TOVSA,45.085556,9.613889,0, ,0.0,0.0,0.0,0.0,0,0,0,0,0,0,0,0
TF,VOG,44.964528,8.970194,2, ,0.0,0.0,0.0,0.0,2,10000,0,0,0,0,0,0

SID,TZO6Y,10,2
CD, ,0,0,0,BEG,0,0.0,104.0,2.0,2,1500,0,1,200,0,0,0
CF,ME603,45.544381,9.655747,2,BEG,195.7,7.8,232.0,6.0,0,0,0,0,0,0,0,0
TF,ME604,45.477700,9.628467,0, ,0.0,0.0,0.0,0.0,2,6000,0,0,0,0,0,1
DF,TZO,45.559250,9.507083,2, ,0.0,0.0,0,0,0,0,0,0,0,0

SID,TZO6Y,ABE5R,3
IF,TZO,45.559250,9.507083, ,0.0,0.0,2,8500,0,0,0,0,0,0
TF,OLPUR,45.648333,9.619167,0, ,0.0,0.0,0.0,0.0,0,0,0,0,0,0,0,1
CF,D310E,45.724022,9.619328,1,BEG,309.9,5.0,310.0,2.0,2,12500,0,0,0,0,0,0
TF,ADARI,45.844722,9.419444,0, ,0.0,0.0,0.0,0.0,2,14000,0,0,0,0,0,0
TF,NIKMO,45.992778,9.173056,0, ,0.0,0.0,0.0,0.0,0,0,0,0,0,0,0,0
TF,ABESI,46.159722,9.042778,0, ,0.0,0.0,0.0,0.0,2,15000,0,0,0,0,0,0

SID,TZO6Y,CAN5R,3
IF,TZO,45.559250,9.507083, ,0.0,0.0,2,8500,0,0,0,0,0,0
TF,OLPUR,45.648333,9.619167,0, ,0.0,0.0,0.0,0.0,0,0,0,0,0,0,0,1
CF,D310E,45.724022,9.619328,1,BEG,309.9,5.0,310.0,2.0,2,12500,0,0,0,0,0,0
TF,ADARI,45.844722,9.419444,0, ,0.0,0.0,0.0,0.0,2,14000,0,0,0,0,0,0
TF,NIKMO,45.992778,9.173056,0, ,0.0,0.0,0.0,0.0,0,0,0,0,0,0,0,0
TF,CANNE,46.166667,8.881111,0, ,0.0,0.0,0.0,0.0,2,15000,0,0,0,0,0,0

SID,TZO6Y,DIL9T,3
IF,TZO,45.559250,9.507083, ,0.0,0.0,2,8500,0,0,0,0,0,0
TF,LEGLO,45.650278,9.769444,0, ,0.0,0.0,0.0,0.0,2,13000,0,0,0,0,0,0
TF,DILEB,45.975000,9.662222,0, ,0.0,0.0,0.0,0.0,2,16000,0,0,0,0,0,0

SID,TZO6Y,EKP5V,3
IF,TZO,45.559250,9.507083, ,0.0,0.0,2,6000,0,0,0,0,0,0
TF,ABSEM,45.483889,9.398056,0, ,0.0,0.0,0.0,0.0,0,0,0,0,0,0,0,0
TF,ATGAM,45.414444,9.382500,0, ,0.0,0.0,0.0,0.0,0,0,0,0,0,0,0,0
TF,TOVSA,45.085556,9.613889,0, ,0.0,0.0,0.0,0.0,0,0,0,0,0,0,0,0
TF,APRIV,44.682500,9.876389,0, ,0.0,0.0,0.0,0.0,2,10500,0,0,0,0,0,0
TF,EKPAL,44.484167,10.162500,0, ,0.0,0.0,0.0,0.0,2,19500,0,0,0,0,0,0

SID,TZO6Y,GEN5D,3
IF,TZO,45.559250,9.507083, ,0.0,0.0,2,6000,0,0,0,0,0,0
TF,ABSEM,45.483889,9.398056,0, ,0.0,0.0,0.0,0.0,0,0,0,0,0,0,0,0
TF,ATGAM,45.414444,9.382500,0, ,0.0,0.0,0.0,0.0,0,0,0,0,0,0,0,0
TF,TOVSA,45.085556,9.613889,0, ,0.0,0.0,0.0,0.0,0,0,0,0,0,0,0,0
TF,APRIV,44.682500,9.876389,0, ,0.0,0.0,0.0,0.0,2,10500,0,0,0,0,0,0
TF,GEN,44.424444,9.082333,0, ,0.0,0.0,0.0,0.0,0,0,0,0,0,0,0,0

SID,TZO6Y,GEN5U,3
IF,TZO,45.559250,9.507083, ,0.0,0.0,2,6000,0,0,0,0,0,0
TF,ABSEM,45.483889,9.398056,0, ,0.0,0.0,0.0,0.0,0,0,0,0,0,0,0,0
TF,ATGAM,45.414444,9.382500,0, ,0.0,0.0,0.0,0.0,0,0,0,0,0,0,0,0
TF,OKDAK,45.274444,9.435278,0, ,0.0,0.0,0.0,0.0,0,0,0,0,0,0,0,0
TF,RUTUG,44.970000,9.165278,0, ,0.0,0.0,0.0,0.0,2,10500,0,0,0,0,0,0
TF,GEN,44.424444,9.082333,0, ,0.0,0.0,0.0,0.0,0,0,0,0,0,0,0,0

SID,TZO6Y,OSK5R,3
IF,TZO,45.559250,9.507083, ,0.0,0.0,2,6000,0,0,0,0,0,0
TF,ORI,45.643778,9.841667,0, ,0.0,0.0,0.0,0.0,2,9500,0,0,0,0,0,0
TF,OSKOR,45.649167,10.116667,0, ,0.0,0.0,0.0,0.0,2,12500,0,0,0,0,0,0

SID,TZO6Y,VOG5U,3
IF,TZO,45.559250,9.507083, ,0.0,0.0,2,6000,0,0,0,0,0,0
TF,ABSEM,45.483889,9.398056,0, ,0.0,0.0,0.0,0.0,0,0,0,0,0,0,0,0
TF,VOG,44.964528,8.970194,0, ,0.0,0.0,0.0,0.0,2,10000,0,0,0,0,0,0

SID,TZO6Y,VOG5V,3
IF,TZO,45.559250,9.507083, ,0.0,0.0,2,6000,0,0,0,0,0,0
TF,ABSEM,45.483889,9.398056,0, ,0.0,0.0,0.0,0.0,0,0,0,0,0,0,0,0
TF,ATGAM,45.414444,9.382500,0, ,0.0,0.0,0.0,0.0,0,0,0,0,0,0,0,0
TF,TOVSA,45.085556,9.613889,0, ,0.0,0.0,0.0,0.0,0,0,0,0,0,0,0,0
TF,VOG,44.964528,8.970194,2, ,0.0,0.0,0.0,0.0,2,10000,0,0,0,0,0,0

SID,VAKO5Y,10,2
CD, ,0,0,0,BEG,0,0.0,104.0,2.0,2,1500,0,1,200,0,0,0
CF,ME603,45.544381,9.655747,2,BEG,195.7,7.8,232.0,6.0,0,0,0,0,0,0,0,0
TF,ME604,45.477700,9.628467,0, ,0.0,0.0,0.0,0.0,2,6000,0,0,0,0,0,0
TF,VAKON,45.478056,10.000000,0, ,0.0,0.0,0.0,0.0,0,0,0,0,0,0,0,0

SID,VAKO6W,28,5
VA,0,284.0,2,1200,0,0,0,0,0,0
CF,ME601,45.674794,9.669492,0,BEG,279.8,1.7,284.0,1.0,0,0,0,1,180,0,0,0
TF,ME602,45.641592,9.624778,0, ,0.0,0.0,0.0,0.0,2,3000,0,0,0,0,0,0
TF,ME609,45.618069,9.591106,0, ,0.0,0.0,0.0,0.0,2,4000,0,0,0,0,0,0
TF,ME611,45.594569,9.557503,0, ,0.0,0.0,0.0,0.0,0,0,0,1,210,0,0,1
CF,VAKON,45.478056,10.000000,1,TZO,102.0,21.4,102.0,18.0,0,0,0,0,0,0,0,0

STAR,DIXE1V,AST1N,4
IF,ASTIG,44.941717,8.290411, ,0.0,0.0,0,0,0,0,0,0,0,0
TF,VOG,44.964528,8.970194,0, ,0.0,0.0,0.0,0.0,0,0,0,0,0,0,0,0
TF,DIXER,45.078333,9.316667,0, ,0.0,0.0,0.0,0.0,0,0,0,0,0,0,0,0

STAR,DIXE1V,GEN1N,4
IF,GEN,44.424444,9.082333, ,0.0,0.0,0,0,0,0,0,0,0,0
TF,AMOXI,44.597553,9.367019,0, ,0.0,0.0,0.0,0.0,0,0,0,0,0,0,0,0
TF,LIMBA,44.926667,9.332778,0, ,0.0,0.0,0.0,0.0,0,0,0,0,0,0,0,0
TF,DIXER,45.078333,9.316667,0, ,0.0,0.0,0.0,0.0,0,0,0,0,0,0,0,0

STAR,DIXE1V,IDO1N,4
IF,IDONA,43.985000,9.430833, ,0.0,0.0,0,0,0,0,0,0,0,0
TF,AMOXI,44.597553,9.367019,0, ,0.0,0.0,0.0,0.0,0,0,0,0,0,0,0,0
TF,LIMBA,44.926667,9.332778,0, ,0.0,0.0,0.0,0.0,0,0,0,0,0,0,0,0
TF,DIXER,45.078333,9.316667,0, ,0.0,0.0,0.0,0.0,0,0,0,0,0,0,0,0

STAR,DIXE1V,TOP1N,4
IF,TOP,44.925417,7.861667, ,0.0,0.0,0,0,0,0,0,0,0,0
TF,ASTIG,44.941717,8.290411,0, ,0.0,0.0,0.0,0.0,0,0,0,0,0,0,0,0
TF,VOG,44.964528,8.970194,0, ,0.0,0.0,0.0,0.0,0,0,0,0,0,0,0,0
TF,DIXER,45.078333,9.316667,0, ,0.0,0.0,0.0,0.0,0,0,0,0,0,0,0,0

STAR,DIXE1V,10,5
IF,DIXER,45.078333,9.316667, ,0.0,0.0,0,0,0,0,0,0,0,0
TF,COD,45.226278,9.541194,0, ,0.0,0.0,0.0,0.0,0,0,0,0,0,0,0,0
TF,BEG,45.669472,9.709194,0, ,0.0,0.0,0.0,0.0,0,0,0,0,0,0,0,0

STAR,DIXE1Y,AST1N,4
IF,ASTIG,44.941717,8.290411, ,0.0,0.0,0,0,0,0,0,0,0,0
TF,VOG,44.964528,8.970194,0, ,0.0,0.0,0.0,0.0,0,0,0,0,0,0,0,0
TF,DIXER,45.078333,9.316667,0, ,0.0,0.0,0.0,0.0,0,0,0,0,0,0,0,0

STAR,DIXE1Y,GEN1N,4
IF,GEN,44.424444,9.082333, ,0.0,0.0,0,0,0,0,0,0,0,0
TF,AMOXI,44.597553,9.367019,0, ,0.0,0.0,0.0,0.0,0,0,0,0,0,0,0,0
TF,LIMBA,44.926667,9.332778,0, ,0.0,0.0,0.0,0.0,0,0,0,0,0,0,0,0
TF,DIXER,45.078333,9.316667,0, ,0.0,0.0,0.0,0.0,0,0,0,0,0,0,0,0

STAR,DIXE1Y,IDO1N,4
IF,IDONA,43.985000,9.430833, ,0.0,0.0,0,0,0,0,0,0,0,0
TF,AMOXI,44.597553,9.367019,0, ,0.0,0.0,0.0,0.0,0,0,0,0,0,0,0,0
TF,LIMBA,44.926667,9.332778,0, ,0.0,0.0,0.0,0.0,0,0,0,0,0,0,0,0
TF,DIXER,45.078333,9.316667,0, ,0.0,0.0,0.0,0.0,0,0,0,0,0,0,0,0

STAR,DIXE1Y,TOP1N,4
IF,TOP,44.925417,7.861667, ,0.0,0.0,0,0,0,0,0,0,0,0
TF,ASTIG,44.941717,8.290411,0, ,0.0,0.0,0.0,0.0,0,0,0,0,0,0,0,0
TF,VOG,44.964528,8.970194,0, ,0.0,0.0,0.0,0.0,0,0,0,0,0,0,0,0
TF,DIXER,45.078333,9.316667,0, ,0.0,0.0,0.0,0.0,0,0,0,0,0,0,0,0

STAR,DIXE1Y,28,5
IF,DIXER,45.078333,9.316667, ,0.0,0.0,0,0,0,0,0,0,0,0
TF,COD,45.226278,9.541194,0, ,0.0,0.0,0.0,0.0,0,0,0,0,0,0,0,0
TF,ME506,45.329808,9.829558,0, ,0.0,0.0,0.0,0.0,0,0,0,0,0,0,0,0
TF,ELBOD,45.394722,9.806667,0, ,0.0,0.0,0.0,0.0,0,0,0,1,200,0,0,0

STAR,DIXE2T,AST1N,4
IF,ASTIG,44.941717,8.290411, ,0.0,0.0,0,0,0,0,0,0,0,0
TF,VOG,44.964528,8.970194,0, ,0.0,0.0,0.0,0.0,0,0,0,0,0,0,0,0
TF,DIXER,45.078333,9.316667,0, ,0.0,0.0,0.0,0.0,0,0,0,0,0,0,0,0

STAR,DIXE2T,GEN1N,4
IF,GEN,44.424444,9.082333, ,0.0,0.0,0,0,0,0,0,0,0,0
TF,AMOXI,44.597553,9.367019,0, ,0.0,0.0,0.0,0.0,0,0,0,0,0,0,0,0
TF,LIMBA,44.926667,9.332778,0, ,0.0,0.0,0.0,0.0,0,0,0,0,0,0,0,0
TF,DIXER,45.078333,9.316667,0, ,0.0,0.0,0.0,0.0,0,0,0,0,0,0,0,0

STAR,DIXE2T,IDO1N,4
IF,IDONA,43.985000,9.430833, ,0.0,0.0,0,0,0,0,0,0,0,0
TF,AMOXI,44.597553,9.367019,0, ,0.0,0.0,0.0,0.0,0,0,0,0,0,0,0,0
TF,LIMBA,44.926667,9.332778,0, ,0.0,0.0,0.0,0.0,0,0,0,0,0,0,0,0
TF,DIXER,45.078333,9.316667,0, ,0.0,0.0,0.0,0.0,0,0,0,0,0,0,0,0

STAR,DIXE2T,TOP1N,4
IF,TOP,44.925417,7.861667, ,0.0,0.0,0,0,0,0,0,0,0,0
TF,ASTIG,44.941717,8.290411,0, ,0.0,0.0,0.0,0.0,0,0,0,0,0,0,0,0
TF,VOG,44.964528,8.970194,0, ,0.0,0.0,0.0,0.0,0,0,0,0,0,0,0,0
TF,DIXER,45.078333,9.316667,0, ,0.0,0.0,0.0,0.0,0,0,0,0,0,0,0,0

STAR,DIXE2T,ALL,5
IF,DIXER,45.078333,9.316667, ,0.0,0.0,0,0,0,0,0,0,0,0
TF,COD,45.226278,9.541194,0, ,0.0,0.0,0.0,0.0,0,0,0,0,0,0,0,0
TF,ORI,45.643778,9.841667,0, ,0.0,0.0,0.0,0.0,0,0,0,0,0,0,0,0

STAR,DIXE3S,AST1N,4
IF,ASTIG,44.941717,8.290411, ,0.0,0.0,0,0,0,0,0,0,0,0
TF,VOG,44.964528,8.970194,0, ,0.0,0.0,0.0,0.0,0,0,0,0,0,0,0,0
TF,DIXER,45.078333,9.316667,0, ,0.0,0.0,0.0,0.0,0,0,0,0,0,0,0,0

STAR,DIXE3S,GEN1N,4
IF,GEN,44.424444,9.082333, ,0.0,0.0,0,0,0,0,0,0,0,0
TF,AMOXI,44.597553,9.367019,0, ,0.0,0.0,0.0,0.0,0,0,0,0,0,0,0,0
TF,LIMBA,44.926667,9.332778,0, ,0.0,0.0,0.0,0.0,0,0,0,0,0,0,0,0
TF,DIXER,45.078333,9.316667,0, ,0.0,0.0,0.0,0.0,0,0,0,0,0,0,0,0

STAR,DIXE3S,IDO1N,4
IF,IDONA,43.985000,9.430833, ,0.0,0.0,0,0,0,0,0,0,0,0
TF,AMOXI,44.597553,9.367019,0, ,0.0,0.0,0.0,0.0,0,0,0,0,0,0,0,0
TF,LIMBA,44.926667,9.332778,0, ,0.0,0.0,0.0,0.0,0,0,0,0,0,0,0,0
TF,DIXER,45.078333,9.316667,0, ,0.0,0.0,0.0,0.0,0,0,0,0,0,0,0,0

STAR,DIXE3S,TOP1N,4
IF,TOP,44.925417,7.861667, ,0.0,0.0,0,0,0,0,0,0,0,0
TF,ASTIG,44.941717,8.290411,0, ,0.0,0.0,0.0,0.0,0,0,0,0,0,0,0,0
TF,VOG,44.964528,8.970194,0, ,0.0,0.0,0.0,0.0,0,0,0,0,0,0,0,0
TF,DIXER,45.078333,9.316667,0, ,0.0,0.0,0.0,0.0,0,0,0,0,0,0,0,0

STAR,DIXE3S,28,5
IF,DIXER,45.078333,9.316667, ,0.0,0.0,0,0,0,0,0,0,0,0
TF,COD,45.226278,9.541194,0, ,0.0,0.0,0.0,0.0,0,0,0,0,0,0,0,0
TF,BEG,45.669472,9.709194,0, ,0.0,0.0,0.0,0.0,0,0,0,0,0,0,0,0

STAR,ELTA1W,28,5
IF,ELTAR,45.647500,10.627778, ,0.0,0.0,0,0,0,0,0,0,0,0
TF,ME502,45.628933,10.379664,0, ,0.0,0.0,0.0,0.0,0,0,0,0,0,0,0,0
TF,ME503,45.608914,10.120025,0, ,0.0,0.0,0.0,0.0,0,0,0,0,0,0,0,0
TF,ME504,45.603408,10.049986,0, ,0.0,0.0,0.0,0.0,0,0,0,0,0,0,0,0
TF,LASAV,45.611667,10.006667,0, ,0.0,0.0,0.0,0.0,0,0,0,0,0,0,0,0

STAR,IBTO1S,28,5
IF,IBTOK,44.911944,10.649722, ,0.0,0.0,0,0,0,0,0,0,0,0
TF,BAPLU,45.155000,10.228056,0, ,0.0,0.0,0.0,0.0,0,0,0,0,0,0,0,0
TF,ELBOD,45.394722,9.806667,0, ,0.0,0.0,0.0,0.0,0,0,0,0,0,0,0,0
TF,BEG,45.669472,9.709194,0, ,0.0,0.0,0.0,0.0,0,0,0,0,0,0,0,0

STAR,IBTO1V,10,5
IF,IBTOK,44.911944,10.649722, ,0.0,0.0,0,0,0,0,0,0,0,0
TF,BAPLU,45.155000,10.228056,0, ,0.0,0.0,0.0,0.0,0,0,0,0,0,0,0,0
TF,ELBOD,45.394722,9.806667,0, ,0.0,0.0,0.0,0.0,0,0,0,0,0,0,0,0
TF,BEG,45.669472,9.709194,0, ,0.0,0.0,0.0,0.0,0,0,0,0,0,0,0,0

STAR,IBTO1Y,28,5
IF,IBTOK,44.911944,10.649722, ,0.0,0.0,0,0,0,0,0,0,0,0
TF,BAPLU,45.155000,10.228056,0, ,0.0,0.0,0.0,0.0,0,0,0,0,0,0,0,0
TF,ELBOD,45.394722,9.806667,0, ,0.0,0.0,0.0,0.0,0,0,0,0,0,0,0,0

STAR,IBTO3W,28,5
IF,IBTOK,44.911944,10.649722, ,0.0,0.0,0,0,0,0,0,0,0,0
TF,BAPLU,45.155000,10.228056,0, ,0.0,0.0,0.0,0.0,0,0,0,0,0,0,0,0
TF,VAGUX,45.371667,10.188611,0, ,0.0,0.0,0.0,0.0,0,0,0,0,0,0,0,0
TF,ULSOP,45.524167,10.160556,0, ,0.0,0.0,0.0,0.0,0,0,0,0,0,0,0,0
TF,LASAV,45.611667,10.006667,0, ,0.0,0.0,0.0,0.0,0,0,0,0,0,0,0,0

STAR,LUSI1T,ALL,5
IF,LUSIL,46.043056,10.116667, ,0.0,0.0,0,0,0,0,0,0,0,0
TF,ORI,45.643778,9.841667,0, ,0.0,0.0,0.0,0.0,0,0,0,0,0,0,0,0

STAR,LUSI1V,10,5
IF,LUSIL,46.043056,10.116667, ,0.0,0.0,0,0,0,0,0,0,0,0
TF,ME509,45.748972,9.913689,0, ,0.0,0.0,0.0,0.0,0,0,0,0,0,0,0,0
TF,ORI,45.643778,9.841667,0, ,0.0,0.0,0.0,0.0,0,0,0,1,200,0,0,0
TF,BEG,45.669472,9.709194,0, ,0.0,0.0,0.0,0.0,0,0,0,0,0,0,0,0

STAR,LUSI2S,28,5
IF,LUSIL,46.043056,10.116667, ,0.0,0.0,0,0,0,0,0,0,0,0
TF,ORI,45.643778,9.841667,0, ,0.0,0.0,0.0,0.0,0,0,0,0,0,0,0,0
TF,BEG,45.669472,9.709194,0, ,0.0,0.0,0.0,0.0,0,0,0,0,0,0,0,0

STAR,ODIN1T,ALL,5
IF,ODINA,46.104403,8.664925, ,0.0,0.0,0,0,0,0,0,0,0,0
TF,ROMUN,45.729444,9.246944,0, ,0.0,0.0,0.0,0.0,0,0,0,0,0,0,0,0
TF,TZO,45.559250,9.507083,0, ,0.0,0.0,0.0,0.0,0,0,0,0,0,0,0,0
TF,ORI,45.643778,9.841667,0, ,0.0,0.0,0.0,0.0,0,0,0,0,0,0,0,0

STAR,ODIN1V,10,5
IF,ODINA,46.104403,8.664925, ,0.0,0.0,0,0,0,0,0,0,0,0
TF,ME508,45.781331,9.444297,0, ,0.0,0.0,0.0,0.0,0,0,0,0,0,0,0,0
TF,ME507,45.703969,9.627769,0, ,0.0,0.0,0.0,0.0,0,0,0,0,0,0,0,0
TF,BEG,45.669472,9.709194,0, ,0.0,0.0,0.0,0.0,0,0,0,0,0,0,0,0

STAR,ODIN2S,28,5
IF,ODINA,46.104403,8.664925, ,0.0,0.0,0,0,0,0,0,0,0,0
TF,ME501,45.738672,9.544203,0, ,0.0,0.0,0.0,0.0,0,0,0,0,0,0,0,0
TF,BEG,45.669472,9.709194,0, ,0.0,0.0,0.0,0.0,0,0,0,0,0,0,0,0

STAR,OSBU1D,ALL,5
IF,OSBUL,44.822222,10.293333, ,0.0,0.0,0,0,0,0,0,0,0,0
TF,ELBOD,45.394722,9.806667,0, ,0.0,0.0,0.0,0.0,0,0,0,0,0,0,0,0
TF,ORI,45.643778,9.841667,0, ,0.0,0.0,0.0,0.0,0,0,0,0,0,0,0,0

STAR,OSBU1F,28,2
IF,OSBUL,44.822222,10.293333, ,0.0,0.0,0,0,0,0,0,0,0,0
TF,DORIN,45.225833,9.866111,0, ,0.0,0.0,0.0,0.0,0,0,0,0,0,0,0,0
TF,BEG,45.669472,9.709194,0, ,0.0,0.0,0.0,0.0,0,0,0,0,0,0,0,0

STAR,OSBU1G,28,2
IF,OSBUL,44.822222,10.293333, ,0.0,0.0,0,0,0,0,0,0,0,0
TF,DORIN,45.225833,9.866111,0, ,0.0,0.0,0.0,0.0,0,0,0,0,0,0,0,0
TF,ELBOD,45.394722,9.806667,0, ,0.0,0.0,0.0,0.0,0,0,0,0,0,0,0,0

STAR,OSBU1H,ALL,2
IF,OSBUL,44.822222,10.293333, ,0.0,0.0,0,0,0,0,0,0,0,0
TF,DORIN,45.225833,9.866111,0, ,0.0,0.0,0.0,0.0,0,0,0,0,0,0,0,0
TF,BEKAN,45.325000,9.761111,0, ,0.0,0.0,0.0,0.0,0,0,0,0,0,0,0,0
TF,ORI,45.643778,9.841667,0, ,0.0,0.0,0.0,0.0,0,0,0,0,0,0,0,0

STAR,OSBU1K,28,5
IF,OSBUL,44.822222,10.293333, ,0.0,0.0,0,0,0,0,0,0,0,0
TF,ELBOD,45.394722,9.806667,0, ,0.0,0.0,0.0,0.0,0,0,0,0,0,0,0,0

STAR,OSBU1P,10,2
IF,OSBUL,44.822222,10.293333, ,0.0,0.0,0,0,0,0,0,0,0,0
TF,DORIN,45.225833,9.866111,0, ,0.0,0.0,0.0,0.0,0,0,0,0,0,0,0,0
TF,BEG,45.669472,9.709194,0, ,0.0,0.0,0.0,0.0,0,0,0,0,0,0,0,0

STAR,OSBU1S,28,5
IF,OSBUL,44.822222,10.293333, ,0.0,0.0,0,0,0,0,0,0,0,0
TF,ELBOD,45.394722,9.806667,0, ,0.0,0.0,0.0,0.0,0,0,0,0,0,0,0,0
TF,BEG,45.669472,9.709194,0, ,0.0,0.0,0.0,0.0,0,0,0,0,0,0,0,0

STAR,OSBU1V,10,5
IF,OSBUL,44.822222,10.293333, ,0.0,0.0,0,0,0,0,0,0,0,0
TF,ELBOD,45.394722,9.806667,0, ,0.0,0.0,0.0,0.0,0,0,0,0,0,0,0,0
TF,BEG,45.669472,9.709194,0, ,0.0,0.0,0.0,0.0,0,0,0,0,0,0,0,0

STAR,OSBU1W,28,5
IF,OSBUL,44.822222,10.293333, ,0.0,0.0,0,0,0,0,0,0,0,0
TF,BAPLU,45.155000,10.228056,0, ,0.0,0.0,0.0,0.0,0,0,0,0,0,0,0,0
TF,VAGUX,45.371667,10.188611,0, ,0.0,0.0,0.0,0.0,0,0,0,0,0,0,0,0
TF,ULSOP,45.524167,10.160556,0, ,0.0,0.0,0.0,0.0,0,0,0,0,0,0,0,0
TF,LASAV,45.611667,10.006667,0, ,0.0,0.0,0.0,0.0,0,0,0,0,0,0,0,0

STAR,OSKO1T,ALL,5
IF,OSKOR,45.649167,10.116667, ,0.0,0.0,0,0,0,0,0,0,0,0
TF,ORI,45.643778,9.841667,0, ,0.0,0.0,0.0,0.0,0,0,0,0,0,0,0,0

STAR,OSKO1V,10,5
IF,OSKOR,45.649167,10.116667, ,0.0,0.0,0,0,0,0,0,0,0,0
TF,ME511,45.646106,9.956572,0, ,0.0,0.0,0.0,0.0,0,0,0,0,0,0,0,0
TF,ORI,45.643778,9.841667,0, ,0.0,0.0,0.0,0.0,0,0,0,0,0,0,0,0
TF,BEG,45.669472,9.709194,0, ,0.0,0.0,0.0,0.0,0,0,0,0,0,0,0,0

STAR,OSKO2S,28,5
IF,OSKOR,45.649167,10.116667, ,0.0,0.0,0,0,0,0,0,0,0,0
TF,ORI,45.643778,9.841667,0, ,0.0,0.0,0.0,0.0,0,0,0,0,0,0,0,0
TF,BEG,45.669472,9.709194,0, ,0.0,0.0,0.0,0.0,0,0,0,0,0,0,0,0

APPTR,D10,10,BEG1
IF,BEG,45.669472,9.709194, ,0.0,0.0,2,6000,0,0,0,0,1,0
FD,BEG,45.669472,9.709194,0,BEG,0.0,10.6,263.0,10.6,2,4500,0,0,0,0,0,0
CF,D280K,45.702906,9.461742,2,BEG,280.0,10.6,100.0,1.0,2,4500,0,1,200,0,1,0
CF,D280I,45.697267,9.503783,0,BEG,280.0,8.8,100.0,1.8,2,3850,0,0,0,0,0,0
CF,FD10,45.690036,9.557489,0,BEG,280.0,6.5,100.0,2.3,2,3000,0,0,0,0,0,0

APPTR,D10,10,BEG2
IF,BEG,45.669472,9.709194, ,0.0,0.0,2,6000,0,0,0,0,1,0
FD,BEG,45.669472,9.709194,0,BEG,0.0,10.6,271.0,10.6,2,4500,0,0,0,0,0,0
CF,D280K,45.702906,9.461742,2,BEG,280.0,10.6,100.0,1.0,2,4500,0,1,140,0,1,0
CF,D280I,45.697267,9.503783,0,BEG,280.0,8.8,100.0,1.8,2,3850,0,0,0,0,0,0
CF,FD10,45.690036,9.557489,0,BEG,280.0,6.5,100.0,2.3,2,3000,0,0,0,0,0,0

FINAL,D10,10,D,3
IF,FD10,45.690036,9.557489,BEG,280.0,6.5,2,3000,0,0,0,0,2,0
CF,40VOR,45.682150,9.615850,0,BEG,280.0,4.0,100.0,2.5,2,2060,0,0,0,0,0,0
CF,MD10,45.675503,9.664861,0,BEG,280.0,1.9,100.0,2.1,1,1276,0,0,0,0,3,0
CF,BEG,45.669472,9.709194,0,BEG,0.0,0.0,100.0,1.9,2,1276,0,0,0,0,0,1
VI,0, ,0.0,187.0,0,0,0,0,0,0,0,0
CF,ODAMO,45.437778,9.842222,0,BEG,157.0,15.0,157.0,13.0,1,4000,0,0,0,0,0,0
HM,ODAMO,45.437778,9.842222,1, ,0.0,0.0,337.0,03,0,0,0,1,185,0,0,0,0

APPTR,D28-Y,28,ELBOD
IF,ELBOD,45.394722,9.806667, ,0.0,0.0,0,0,0,0,0,0,1,0
CI,0, ,0.0,345.0,0,0,0,0,0,0,0,0
AF,ODAMO,45.437778,9.842222,1,BEG,157.0,15.0,165.0,0,0,0,0,0,0,0,0
AF,BEDIX,45.486411,9.951542,1,BEG,136.0,15.0,157.0,2,6000,0,0,0,0,0,0
AF,D126O,45.518694,9.993153,1,BEG,126.0,15.0,136.0,2,5000,0,0,0,0,0,0
AF,D122O,45.532947,10.007461,1,BEG,122.0,15.0,126.0,2,3500,0,0,0,0,0,0
CF,D108M,45.598572,10.000967,0,BEG,108.0,13.0,288.0,2.0,2,3500,0,0,0,0,0,0
CF,D108J,45.615000,9.933700,0,BEG,108.0,10.0,288.0,3.0,2,2800,0,0,0,0,0,0
CF,FD28,45.631389,9.866392,0,BEG,108.0,7.0,288.0,3.0,2,2800,0,0,0,0,0,0

FINAL,D28-Y,28,D,3
IF,FD28,45.631389,9.866392,BEG,108.0,7.0,2,2800,0,0,0,0,2,0
CF,50VOR,45.642289,9.821500,0,BEG,108.0,5.0,288.0,2.0,2,2170,0,0,0,0,0,0
CF,MD28,45.658611,9.754128,0,BEG,108.0,2.0,288.0,3.0,1,1235,0,0,0,0,3,0
CF,BEG,45.669472,9.709194,0,BEG,0.0,0.0,288.0,2.0,0,0,0,0,0,0,0,1
VI,1, ,0.0,127.0,0,0,0,1,185,0,0,0
CF,ODAMO,45.437778,9.842222,0,BEG,157.0,15.0,157.0,9.0,1,4000,0,0,0,0,0,0
HM,ODAMO,45.437778,9.842222,1, ,0.0,0.0,337.0,03,0,0,0,1,185,0,0,0,0

APPTR,D28-Z,28,BEG1
FD,BEG,45.669472,9.709194,0,BEG,0.0,8.0,121.0,8.0,2,5000,0,0,0,0,0,0
CF,D121M,45.554378,9.970683,0,BEG,121.0,13.0,121.0,5.0,2,5000,0,0,0,0,0,1
CF,D108M,45.598572,10.000967,1,BEG,108.0,13.0,288.0,1.0,2,4000,0,1,185,0,0,0
CF,D108I,45.619375,9.915756,0,BEG,108.0,9.2,288.0,3.8,2,2800,0,0,0,0,0,0
CF,FD28,45.631389,9.866392,0,BEG,108.0,7.0,288.0,2.2,2,2800,0,0,0,0,0,0

APPTR,D28-Z,28,BEG2
FD,BEG,45.669472,9.709194,0,BEG,0.0,8.0,116.0,8.0,2,5000,0,0,0,0,0,0
CF,D116M,45.570794,9.984008,0,BEG,116.0,13.0,116.0,5.0,2,5000,0,0,0,0,0,1
CF,D108M,45.598572,10.000967,1,BEG,108.0,13.0,288.0,1.0,2,4000,0,1,185,0,0,0
CF,D108I,45.619375,9.915756,0,BEG,108.0,9.2,288.0,3.8,2,2800,0,0,0,0,0,0
CF,FD28,45.631389,9.866392,0,BEG,108.0,7.0,288.0,2.2,2,2800,0,0,0,0,0,0

FINAL,D28-Z,28,D,3
IF,FD28,45.631389,9.866392,BEG,108.0,7.0,2,2800,0,0,0,0,2,0
CF,50VOR,45.642289,9.821500,0,BEG,108.0,5.0,288.0,2.0,2,2170,0,0,0,0,0,0
CF,MD28,45.658611,9.754128,0,BEG,108.0,2.0,288.0,3.0,1,1235,0,0,0,0,3,0
CF,BEG,45.669472,9.709194,0,BEG,0.0,0.0,288.0,2.0,0,0,0,0,0,0,0,1
VI,1, ,0.0,127.0,0,0,0,1,185,0,0,0
CF,ODAMO,45.437778,9.842222,0,BEG,157.0,15.0,157.0,9.0,1,4000,0,0,0,0,0,0
HM,ODAMO,45.437778,9.842222,1, ,0.0,0.0,337.0,03,0,0,0,1,185,0,0,0,0

APPTR,I28-X,28,BEG1
FD,BEG,45.669472,9.709194,0,BEG,0.0,13.0,117.0,13.0,2,5000,0,1,185,0,0,0
CF,LASAV,45.611667,10.006667,1,BEG,104.4,13.0,284.0,1.0,2,4000,0,0,0,0,1,0
CF,CI28,45.620797,9.958325,0,BRM,103.8,11.8,284.0,2.1,2,4000,0,0,0,0,0,0

APPTR,I28-X,28,BEG2
FD,BEG,45.669472,9.709194,0,BEG,0.0,13.0,112.0,13.0,2,5000,0,1,185,0,0,0
CF,LASAV,45.611667,10.006667,1,BEG,104.4,13.0,284.0,1.0,2,4000,0,0,0,0,1,0
CF,CI28,45.620797,9.958325,0,BRM,103.8,11.8,284.0,2.1,2,4000,0,0,0,0,0,0

FINAL,I28-X,28,I,3
IF,CI28,45.620797,9.958325,BRM,103.8,11.8,2,4000,0,0,0,0,0,0
CF,ORI,45.643778,9.841667,0,BRM,103.3,6.7,284.0,5.1,1,2440,0,0,0,0,2,0
CF,RW28,45.664717,9.723789,0,BRM,103.8,1.6,284.0,5.1,1,811,0,0,0,0,3,0
CA,0,284.0,2,1300,0,0,0,0,0,0
VI,1, ,0.0,127.0,0,0,0,1,185,0,0,0
CF,ODAMO,45.437778,9.842222,0,BEG,157.0,15.0,157.0,10.0,1,4000,0,0,0,0,0,0
HM,ODAMO,45.437778,9.842222,1, ,0.0,0.0,337.0,03,0,0,0,1,185,0,0,0,0

APPTR,I28-Y,28,ORI1
FD,ORI,45.643778,9.841667,0,BEG,104.4,13.0,125.0,13.0,0,0,0,1,185,0,0,0
CF,LASAV,45.611667,10.006667,1,BEG,104.4,13.0,284.0,1.0,2,4000,0,0,0,0,0,0
CF,CI28,45.620797,9.958325,0,BRM,103.8,11.8,284.0,2.1,2,4000,0,0,0,0,0,0

APPTR,I28-Y,28,ORI2
FD,ORI,45.643778,9.841667,0,BEG,104.4,13.0,117.0,13.0,0,0,0,1,185,0,0,0
CF,LASAV,45.611667,10.006667,1,BEG,104.4,13.0,284.0,1.0,2,4000,0,0,0,0,0,0
CF,CI28,45.620797,9.958325,0,BRM,103.8,11.8,284.0,2.1,2,4000,0,0,0,0,0,0

FINAL,I28-Y,28,I,3
IF,CI28,45.620797,9.958325,BRM,103.8,11.8,2,4000,0,0,0,0,0,0
CF,ORI,45.643778,9.841667,0,BRM,103.3,6.7,284.0,5.1,1,2440,0,0,0,0,2,0
CF,RW28,45.664717,9.723789,0,BRM,103.8,1.6,284.0,5.1,1,811,0,0,0,0,3,0
CA,0,284.0,2,1300,0,0,0,0,0,0
VI,1, ,0.0,124.0,1,2000,0,1,185,0,0,0
FA,ORI,45.643778,9.841667,0,BEG,0.0,0.0,177.0,2,4000,0,0,0,0,0,0
DF,ORI,45.643778,9.841667,2, ,0.0,0.0,1,6000,0,0,0,0,0,0

APPTR,I28-Z,28,ELBOD
IF,ELBOD,45.394722,9.806667, ,0.0,0.0,0,0,0,0,0,0,1,0
CI,0, ,0.0,345.0,0,0,0,0,0,0,0,0
AF,BEDIX,45.486411,9.951542,1,BEG,136.0,15.0,165.0,2,6000,0,0,0,0,0,0
AF,D126O,45.518694,9.993153,1,BEG,126.0,15.0,136.0,2,5000,0,0,0,0,0,0
AF,D114O,45.563383,10.031692,1,BEG,114.0,15.0,126.0,2,4000,0,0,0,0,0,0
CF,LASAV,45.611667,10.006667,0,BEG,104.4,13.0,284.0,2.0,2,4000,0,0,0,0,1,0
CF,CI28,45.620797,9.958325,0,BRM,103.8,11.8,284.0,2.1,1,4000,0,0,0,0,0,0

FINAL,I28-Z,28,I,3
IF,CI28,45.620797,9.958325,BRM,103.8,11.8,1,4000,0,0,0,0,0,0
CF,ORI,45.643778,9.841667,0,BRM,103.3,6.7,284.0,5.1,1,2440,0,0,0,0,2,0
CF,RW28,45.664717,9.723789,0,BRM,103.8,1.6,284.0,5.1,1,811,0,0,0,0,3,0
CA,0,284.0,2,1300,0,0,0,0,0,0
VI,1, ,0.0,127.0,0,0,0,1,185,0,0,0
CF,ODAMO,45.437778,9.842222,0,BEG,157.0,15.0,157.0,10.0,1,4000,0,0,0,0,0,0
HM,ODAMO,45.437778,9.842222,1, ,0.0,0.0,337.0,03,0,0,0,1,185,0,0,0,0

APPTR,R10,10,BEG
IF,BEG,45.669472,9.709194, ,0.0,0.0,2,6000,0,0,0,0,1,0
TF,ME531,45.611414,9.546117,0, ,0.0,0.0,0.0,0.0,0,0,0,1,200,0,0,0
TF,ME532,45.636464,9.409778,0, ,0.0,0.0,0.0,0.0,2,5000,0,1,200,0,0,0
TF,ME533,45.717106,9.439819,0, ,0.0,0.0,0.0,0.0,2,4000,0,1,200,0,1,0

FINAL,R10,10,G,3
IF,ME533,45.717106,9.439819, ,0.0,0.0,2,4000,0,0,0,0,0,0
TF,ME534,45.701056,9.527281,0, ,0.0,0.0,104.0,3.8,2,3500,0,0,0,0,2,0
TF,RW10,45.670528,9.692506,0, ,0.0,0.0,104.0,7.2,1,829,0,0,0,0,3,1
TF,ME536,45.657597,9.762061,0, ,0.0,0.0,0.0,0.0,0,0,0,0,0,0,0,1
TF,ODAMO,45.437778,9.842222,0, ,0.0,0.0,0.0,0.0,2,4000,0,1,200,0,0,0
HM,ODAMO,45.437778,9.842222,1, ,0.0,0.0,4.0,04.3,2,4000,0,1,185,0,0,0,0

