SID,ABSE5A,36,5
CF,LIN,45.461250,9.275278,0,LIN,0.0,0.0,355.0,1.0,2,850,0,0,0,0,0,0
TF,ML461,45.492864,9.280056,0, ,0.0,0.0,0.0,0.0,0,0,0,0,0,0,0,0
TF,ML462,45.502808,9.281542,0, ,0.0,0.0,0.0,0.0,2,2000,0,0,0,0,0,0
TF,ML463,45.520044,9.284122,0, ,0.0,0.0,0.0,0.0,0,0,0,1,180,0,0,0
TF,ML464,45.519536,9.320067,0, ,0.0,0.0,0.0,0.0,0,0,0,1,180,0,0,0
TF,ABSEM,45.483889,9.398056,0, ,0.0,0.0,0.0,0.0,2,4000,0,0,0,0,0,0

SID,ABSE5A,LOG6A,6
IF,ABSEM,45.483889,9.398056, ,0.0,0.0,0,0,0,0,0,0,0,0
TF,ML403,45.430333,9.511219,0, ,0.0,0.0,0.0,0.0,2,5000,0,0,0,0,0,0
TF,TUVIB,45.376667,9.624167,0, ,0.0,0.0,0.0,0.0,2,6000,0,0,0,0,0,0
TF,LOGDI,44.713056,10.196111,0, ,0.0,0.0,0.0,0.0,2,11500,0,0,0,0,0,0

SID,ABSE5A,OSK5D,6
IF,ABSEM,45.483889,9.398056, ,0.0,0.0,0,0,0,0,0,0,0,0
TF,ML403,45.430333,9.511219,0, ,0.0,0.0,0.0,0.0,2,5000,0,0,0,0,0,0
TF,TUVIB,45.376667,9.624167,0, ,0.0,0.0,0.0,0.0,2,6000,0,0,0,0,0,0
TF,ELBOD,45.394722,9.806667,0, ,0.0,0.0,0.0,0.0,2,8500,0,0,0,0,0,0
TF,VAKON,45.478056,10.000000,0, ,0.0,0.0,0.0,0.0,2,10500,0,0,0,0,0,0
TF,OSKOR,45.649167,10.116667,0, ,0.0,0.0,0.0,0.0,2,12500,0,0,0,0,0,0

SID,ABSE5B,36,2
CF,ML501,45.503406,9.270408,0,SRN,128.1,13.5,355.0,4.0,2,1800,0,0,0,0,0,1
CF,ABSEM,45.483889,9.398056,2,SRN,120.4,18.6,120.0,4.0,2,4000,0,0,0,0,0,0

SID,ABSE5B,LOG6A,3
IF,ABSEM,45.483889,9.398056, ,0.0,0.0,0,0,0,0,0,0,0,0
TF,ML403,45.430333,9.511219,0, ,0.0,0.0,0.0,0.0,2,5000,0,0,0,0,0,0
TF,TUVIB,45.376667,9.624167,0, ,0.0,0.0,0.0,0.0,2,6000,0,0,0,0,0,0
TF,LOGDI,44.713056,10.196111,0, ,0.0,0.0,0.0,0.0,2,11500,0,0,0,0,0,0

SID,ABSE5B,OSK5D,3
IF,ABSEM,45.483889,9.398056, ,0.0,0.0,0,0,0,0,0,0,0,0
TF,ML403,45.430333,9.511219,0, ,0.0,0.0,0.0,0.0,2,5000,0,0,0,0,0,0
TF,TUVIB,45.376667,9.624167,0, ,0.0,0.0,0.0,0.0,2,6000,0,0,0,0,0,0
TF,ELBOD,45.394722,9.806667,0, ,0.0,0.0,0.0,0.0,2,8500,0,0,0,0,0,0
TF,VAKON,45.478056,10.000000,0, ,0.0,0.0,0.0,0.0,2,10500,0,0,0,0,0,0
TF,OSKOR,45.649167,10.116667,0, ,0.0,0.0,0.0,0.0,2,12500,0,0,0,0,0,0

SID,LIMB5C,18,2
CA,0,175.0,2,760,0,0,0,0,0,0
CF,LNE,45.344361,9.288583,0,LIN,174.4,7.0,175.0,5.0,2,2600,0,0,0,0,0,0
TF,D175T,45.128925,9.311169,0, ,0.0,0.0,0.0,0.0,2,6000,0,0,0,0,0,0
TF,LIMBA,44.926667,9.332778,0, ,0.0,0.0,0.0,0.0,2,10000,0,0,0,0,0,0

SID,LIMB5C,EKP5C,3
IF,LIMBA,44.926667,9.332778, ,0.0,0.0,2,10000,0,0,0,0,0,0
TF,APRIV,44.682500,9.876389,0, ,0.0,0.0,0.0,0.0,2,10000,0,0,0,0,0,0
TF,EKPAL,44.484167,10.162500,0, ,0.0,0.0,0.0,0.0,2,19500,0,0,0,0,0,0

SID,LIMB5Z,18,2
CA,0,175.0,2,760,0,0,0,0,0,0
CF,LNE,45.344361,9.288583,0,VOG,31.6,26.5,175.0,5.0,2,2600,0,0,0,0,0,0
CR,0,VOG,53.0,175.0,2,6000,0,0,0,0,0,0
CF,LIMBA,44.926667,9.332778,0,VOG,99.2,15.6,175.0,13.0,2,10000,0,0,0,0,0,0

SID,LIMB5Z,EKP5C,3
IF,LIMBA,44.926667,9.332778, ,0.0,0.0,2,10000,0,0,0,0,0,0
TF,APRIV,44.682500,9.876389,0, ,0.0,0.0,0.0,0.0,2,10000,0,0,0,0,0,0
TF,EKPAL,44.484167,10.162500,0, ,0.0,0.0,0.0,0.0,2,19500,0,0,0,0,0,0

SID,MAL6Z,18,2
CA,0,175.0,2,760,0,0,0,0,0,0
CF,LNE,45.344361,9.288583,0,VOG,31.6,26.5,175.0,5.0,2,2000,0,0,0,0,0,1
CI,0, ,0.0,244.0,0,0,0,0,0,0,0,0
CF,D182Q,45.361019,9.000397,0,SRN,182.0,17.1,316.0,8.0,2,6000,0,0,0,0,0,0
TF,MAL,45.545833,8.756278,0, ,0.0,0.0,0.0,0.0,2,8000,0,0,0,0,0,0

SID,MAL6Z,ARL8C,3
IF,MAL,45.545833,8.756278, ,0.0,0.0,2,8000,0,0,0,0,0,0
TF,D346P,45.799861,8.672422,0, ,0.0,0.0,0.0,0.0,0,0,0,0,0,0,0,0
TF,IXORA,45.836667,8.588889,0, ,0.0,0.0,0.0,0.0,2,12000,0,0,0,0,0,0
TF,ARLES,45.929444,8.375000,0, ,0.0,0.0,0.0,0.0,2,19000,0,0,0,0,0,0

SID,MAL6Z,OME8C,3
IF,MAL,45.545833,8.756278, ,0.0,0.0,2,8000,0,0,0,0,0,0
TF,D346H,45.675317,8.713631,0, ,0.0,0.0,0.0,0.0,0,0,0,0,0,0,0,0
TF,BAVMI,45.703611,8.407778,0, ,0.0,0.0,0.0,0.0,2,15000,0,0,0,0,0,0
TF,OMETO,45.736667,8.042778,0, ,0.0,0.0,0.0,0.0,2,19000,0,0,0,0,0,0

SID,MAL8C,18,2
FD,RW18,45.456214,9.275867,0,LIN,174.3,4.0,175.0,4.0,2,760,0,0,0,0,0,0
CR,0,LIN,214.0,244.0,2,2500,0,0,0,0,0,0
VI,0, ,0.0,271.0,0,0,0,0,0,0,0,0
CF,D182Q,45.361019,9.000397,0,SRN,182.0,17.1,316.0,2.0,2,6000,0,0,0,0,0,0
TF,MAL,45.545833,8.756278,0, ,0.0,0.0,0.0,0.0,2,8000,0,0,0,0,0,0

SID,MAL8C,ARL8C,3
IF,MAL,45.545833,8.756278, ,0.0,0.0,2,8000,0,0,0,0,0,0
TF,D346P,45.799861,8.672422,0, ,0.0,0.0,0.0,0.0,0,0,0,0,0,0,0,0
TF,IXORA,45.836667,8.588889,0, ,0.0,0.0,0.0,0.0,2,12000,0,0,0,0,0,0
TF,ARLES,45.929444,8.375000,0, ,0.0,0.0,0.0,0.0,2,19000,0,0,0,0,0,0

SID,MAL8C,OME8C,3
IF,MAL,45.545833,8.756278, ,0.0,0.0,2,8000,0,0,0,0,0,0
TF,D346H,45.675317,8.713631,0, ,0.0,0.0,0.0,0.0,0,0,0,0,0,0,0,0
TF,BAVMI,45.703611,8.407778,0, ,0.0,0.0,0.0,0.0,2,15000,0,0,0,0,0,0
TF,OMETO,45.736667,8.042778,0, ,0.0,0.0,0.0,0.0,2,19000,0,0,0,0,0,0

SID,NIKM5Z,36,2
CA,0,355.0,2,800,0,0,0,0,0,0
CF,ML501,45.503406,9.270408,0,SRN,128.1,13.5,355.0,2.0,2,1800,0,0,0,0,0,0
TF,ML502,45.594775,9.260047,0, ,0.0,0.0,0.0,0.0,2,5000,0,0,0,0,0,0
TF,ML503,45.684569,9.228264,0, ,0.0,0.0,0.0,0.0,2,8500,0,0,0,0,0,0
TF,ML504,45.767242,9.213494,0, ,0.0,0.0,0.0,0.0,2,10500,0,0,0,0,0,0
TF,ML506,45.849908,9.198683,0, ,0.0,0.0,0.0,0.0,2,13500,0,0,0,0,0,0
TF,NIKMO,45.992778,9.173056,0, ,0.0,0.0,0.0,0.0,0,0,0,0,0,0,0,0

SID,NIKM5Z,ABE7B,3
IF,NIKMO,45.992778,9.173056, ,0.0,0.0,0,0,0,0,0,0,0,0
TF,ABESI,46.159722,9.042778,0, ,0.0,0.0,0.0,0.0,2,15000,0,0,0,0,0,0

SID,NIKM5Z,CAN7B,3
IF,NIKMO,45.992778,9.173056, ,0.0,0.0,0,0,0,0,0,0,0,0
TF,CANNE,46.166667,8.881111,0, ,0.0,0.0,0.0,0.0,2,15000,0,0,0,0,0,0

SID,NIKM6A,36,2
CF,LIN,45.461250,9.275278,0,LIN,0.0,0.0,355.0,1.0,2,850,0,0,0,0,0,0
FD,LIN,45.461250,9.275278,0,LIN,0.0,3.0,340.0,3.0,2,2200,0,0,0,0,0,0
CF,D340F,45.547906,9.232842,0,LIN,340.0,5.5,340.0,5.5,2,3500,0,0,0,0,0,0
CI,0, ,0.0,20.0,0,0,0,0,0,0,0,0
CF,D352N,45.692458,9.231083,0,LIN,351.4,14.0,352.0,8.0,2,8500,0,0,0,0,0,0
FD,D352N,45.692458,9.231083,0,LIN,351.4,19.0,352.0,19.0,2,10500,0,0,0,0,0,0
CD, ,0,0,0,LIN,0,0.0,352.0,24.0,2,13500,0,0,0,0,0,0
CF,NIKMO,45.992778,9.173056,0,LIN,351.4,32.2,352.0,8.0,0,0,0,0,0,0,0,0

SID,NIKM6A,ABE7B,3
IF,NIKMO,45.992778,9.173056, ,0.0,0.0,0,0,0,0,0,0,0,0
TF,ABESI,46.159722,9.042778,0, ,0.0,0.0,0.0,0.0,2,15000,0,0,0,0,0,0

SID,NIKM6A,CAN7B,3
IF,NIKMO,45.992778,9.173056, ,0.0,0.0,0,0,0,0,0,0,0,0
TF,CANNE,46.166667,8.881111,0, ,0.0,0.0,0.0,0.0,2,15000,0,0,0,0,0,0

SID,RUVA5A,36,5
CF,LIN,45.461250,9.275278,0,LIN,0.0,0.0,355.0,1.0,2,850,0,0,0,0,0,1
FD,LIN,45.461250,9.275278,0,LIN,0.0,2.5,5.0,2.5,2,2000,0,0,0,0,0,0
DF,ML468,45.527692,9.285275,0, ,0.0,0.0,2,3000,0,0,0,0,0,0
TF,RODRU,45.670833,9.393333,0, ,0.0,0.0,0.0,0.0,2,6000,0,0,0,0,0,0
TF,RUVAB,45.761389,9.569722,0, ,0.0,0.0,0.0,0.0,2,10500,0,0,0,0,0,0

SID,RUVA5A,ELT5B,6
IF,RUVAB,45.761389,9.569722, ,0.0,0.0,2,10500,0,0,0,0,0,0
TF,EKBUV,45.789722,10.117222,0, ,0.0,0.0,0.0,0.0,2,11000,0,0,0,0,0,0
TF,ELTAR,45.647500,10.627778,0, ,0.0,0.0,0.0,0.0,0,0,0,0,0,0,0,0

SID,RUVA5A,NES5A,6
IF,RUVAB,45.761389,9.569722, ,0.0,0.0,2,10500,0,0,0,0,0,0
TF,EKBUV,45.789722,10.117222,0, ,0.0,0.0,0.0,0.0,2,12000,0,0,0,0,0,0
TF,NESTI,45.803889,10.426944,0, ,0.0,0.0,0.0,0.0,2,13500,0,0,0,0,0,0

SID,RUVA5B,36,5
CF,LIN,45.461250,9.275278,0,LIN,0.0,0.0,355.0,1.0,2,850,0,0,0,0,0,1
CF,D340C,45.508514,9.252183,0,LIN,340.0,3.0,340.0,3.0,2,2200,0,0,0,0,0,1
CF,D340F,45.547906,9.232842,0,LIN,340.0,5.5,340.0,3.0,2,3500,0,0,0,0,0,1
CI,0, ,0.0,20.0,0,0,0,0,0,0,0,0
CF,D352N,45.692458,9.231083,0,LIN,351.4,14.0,352.0,6.0,2,8500,0,0,0,0,0,1
CI,2, ,0.0,102.0,0,0,0,0,0,0,0,0
CF,RUVAB,45.761389,9.569722,0,SRN,72.1,24.1,72.0,10.0,2,10500,0,0,0,0,0,0

SID,RUVA5B,ELT5B,6
IF,RUVAB,45.761389,9.569722, ,0.0,0.0,2,10500,0,0,0,0,0,0
TF,EKBUV,45.789722,10.117222,0, ,0.0,0.0,0.0,0.0,2,11000,0,0,0,0,0,0
TF,ELTAR,45.647500,10.627778,0, ,0.0,0.0,0.0,0.0,0,0,0,0,0,0,0,0

SID,RUVA5B,NES5A,6
IF,RUVAB,45.761389,9.569722, ,0.0,0.0,2,10500,0,0,0,0,0,0
TF,EKBUV,45.789722,10.117222,0, ,0.0,0.0,0.0,0.0,2,12000,0,0,0,0,0,0
TF,NESTI,45.803889,10.426944,0, ,0.0,0.0,0.0,0.0,2,13500,0,0,0,0,0,0

SID,SRN5Z,36,2
CA,0,355.0,2,760,0,0,0,0,0,0
CF,ML501,45.503406,9.270408,0,SRN,128.1,13.5,355.0,3.0,2,1800,0,0,0,0,0,0
TF,D356F,45.528392,9.268867,0, ,0.0,0.0,0.0,0.0,2,2500,0,0,0,0,0,0
TF,ML502,45.594775,9.260047,0, ,0.0,0.0,0.0,0.0,2,4000,0,0,0,0,0,1
CF,SRN,45.645972,9.021583,0,SRN,0.0,0.0,279.0,11.0,2,8500,0,0,0,0,0,0

SID,SRN5Z,ARL8A,3
IF,SRN,45.645972,9.021583, ,0.0,0.0,2,8500,0,0,0,0,0,0
TF,IXORA,45.836667,8.588889,0, ,0.0,0.0,0.0,0.0,2,12000,0,0,0,0,0,0
TF,ARLES,45.929444,8.375000,0, ,0.0,0.0,0.0,0.0,2,19000,0,0,0,0,0,0

SID,SRN5Z,LAG9A,3
IF,SRN,45.645972,9.021583, ,0.0,0.0,2,8500,0,0,0,0,0,0
TF,MMP,45.640778,8.734833,0, ,0.0,0.0,0.0,0.0,0,0,0,0,0,0,0,0
TF,FARAK,45.554167,8.449167,0, ,0.0,0.0,0.0,0.0,0,0,0,0,0,0,0,0
TF,TONDA,45.109167,8.229722,0, ,0.0,0.0,0.0,0.0,0,0,0,0,0,0,0,0
TF,LAGEN,44.394167,8.498056,0, ,0.0,0.0,0.0,0.0,2,11000,0,0,0,0,0,0

SID,SRN5Z,NED9A,3
IF,SRN,45.645972,9.021583, ,0.0,0.0,2,8500,0,0,0,0,0,0
TF,MMP,45.640778,8.734833,0, ,0.0,0.0,0.0,0.0,0,0,0,0,0,0,0,0
TF,FARAK,45.554167,8.449167,0, ,0.0,0.0,0.0,0.0,0,0,0,0,0,0,0,0
TF,TONDA,45.109167,8.229722,0, ,0.0,0.0,0.0,0.0,0,0,0,0,0,0,0,0
TF,NEDED,44.693889,8.140556,0, ,0.0,0.0,0.0,0.0,2,20000,0,0,0,0,0,0

SID,SRN5Z,OME8A,3
IF,SRN,45.645972,9.021583, ,0.0,0.0,2,8500,0,0,0,0,0,0
TF,BAVMI,45.703611,8.407778,0, ,0.0,0.0,0.0,0.0,2,15000,0,0,0,0,0,0
TF,OMETO,45.736667,8.042778,0, ,0.0,0.0,0.0,0.0,2,19000,0,0,0,0,0,0

SID,SRN6D,36,2
CF,LIN,45.461250,9.275278,0,LIN,0.0,0.0,355.0,1.0,2,850,0,0,0,0,0,0
FD,LIN,45.461250,9.275278,0,LIN,0.0,2.5,5.0,2.5,2,2000,0,0,0,0,0,0
CF,D005D,45.527539,9.285244,0,LIN,5.0,4.0,5.0,2.0,2,2800,0,0,0,0,0,0
TF,D005H,45.593825,9.295181,0, ,0.0,0.0,0.0,0.0,2,4000,0,0,0,0,0,1
CF,SRN,45.645972,9.021583,0,LIN,315.1,15.4,279.0,12.0,2,8500,0,0,0,0,0,0

SID,SRN6D,ARL8A,3
IF,SRN,45.645972,9.021583, ,0.0,0.0,2,8500,0,0,0,0,0,0
TF,IXORA,45.836667,8.588889,0, ,0.0,0.0,0.0,0.0,2,12000,0,0,0,0,0,0
TF,ARLES,45.929444,8.375000,0, ,0.0,0.0,0.0,0.0,2,19000,0,0,0,0,0,0

SID,SRN6D,LAG9A,3
IF,SRN,45.645972,9.021583, ,0.0,0.0,2,8500,0,0,0,0,0,0
TF,MMP,45.640778,8.734833,0, ,0.0,0.0,0.0,0.0,0,0,0,0,0,0,0,0
TF,FARAK,45.554167,8.449167,0, ,0.0,0.0,0.0,0.0,0,0,0,0,0,0,0,0
TF,TONDA,45.109167,8.229722,0, ,0.0,0.0,0.0,0.0,0,0,0,0,0,0,0,0
TF,LAGEN,44.394167,8.498056,0, ,0.0,0.0,0.0,0.0,2,11000,0,0,0,0,0,0

SID,SRN6D,NED9A,3
IF,SRN,45.645972,9.021583, ,0.0,0.0,2,8500,0,0,0,0,0,0
TF,MMP,45.640778,8.734833,0, ,0.0,0.0,0.0,0.0,0,0,0,0,0,0,0,0
TF,FARAK,45.554167,8.449167,0, ,0.0,0.0,0.0,0.0,0,0,0,0,0,0,0,0
TF,TONDA,45.109167,8.229722,0, ,0.0,0.0,0.0,0.0,0,0,0,0,0,0,0,0
TF,NEDED,44.693889,8.140556,0, ,0.0,0.0,0.0,0.0,2,20000,0,0,0,0,0,0

SID,SRN6D,OME8A,3
IF,SRN,45.645972,9.021583, ,0.0,0.0,2,8500,0,0,0,0,0,0
TF,BAVMI,45.703611,8.407778,0, ,0.0,0.0,0.0,0.0,2,15000,0,0,0,0,0,0
TF,OMETO,45.736667,8.042778,0, ,0.0,0.0,0.0,0.0,2,19000,0,0,0,0,0,0

SID,SRN8A,36,2
CF,LIN,45.461250,9.275278,0,LIN,0.0,0.0,355.0,1.0,2,850,0,0,0,0,0,0
FD,LIN,45.461250,9.275278,0,LIN,0.0,3.0,340.0,3.0,2,2200,0,0,0,0,0,0
CF,D340F,45.547906,9.232842,0,LIN,340.0,5.5,340.0,2.0,2,3500,0,0,0,0,0,0
TF,D340H,45.587278,9.213519,0, ,0.0,0.0,0.0,0.0,2,4000,0,0,0,0,0,1
CF,SRN,45.645972,9.021583,0,LIN,315.1,15.4,279.0,8.0,2,8500,0,0,0,0,0,0

SID,SRN8A,ARL8A,3
IF,SRN,45.645972,9.021583, ,0.0,0.0,2,8500,0,0,0,0,0,0
TF,IXORA,45.836667,8.588889,0, ,0.0,0.0,0.0,0.0,2,12000,0,0,0,0,0,0
TF,ARLES,45.929444,8.375000,0, ,0.0,0.0,0.0,0.0,2,19000,0,0,0,0,0,0

SID,SRN8A,LAG9A,3
IF,SRN,45.645972,9.021583, ,0.0,0.0,2,8500,0,0,0,0,0,0
TF,MMP,45.640778,8.734833,0, ,0.0,0.0,0.0,0.0,0,0,0,0,0,0,0,0
TF,FARAK,45.554167,8.449167,0, ,0.0,0.0,0.0,0.0,0,0,0,0,0,0,0,0
TF,TONDA,45.109167,8.229722,0, ,0.0,0.0,0.0,0.0,0,0,0,0,0,0,0,0
TF,LAGEN,44.394167,8.498056,0, ,0.0,0.0,0.0,0.0,2,11000,0,0,0,0,0,0

SID,SRN8A,NED9A,3
IF,SRN,45.645972,9.021583, ,0.0,0.0,2,8500,0,0,0,0,0,0
TF,MMP,45.640778,8.734833,0, ,0.0,0.0,0.0,0.0,0,0,0,0,0,0,0,0
TF,FARAK,45.554167,8.449167,0, ,0.0,0.0,0.0,0.0,0,0,0,0,0,0,0,0
TF,TONDA,45.109167,8.229722,0, ,0.0,0.0,0.0,0.0,0,0,0,0,0,0,0,0
TF,NEDED,44.693889,8.140556,0, ,0.0,0.0,0.0,0.0,2,20000,0,0,0,0,0,0

SID,SRN8A,OME8A,3
IF,SRN,45.645972,9.021583, ,0.0,0.0,2,8500,0,0,0,0,0,0
TF,BAVMI,45.703611,8.407778,0, ,0.0,0.0,0.0,0.0,2,15000,0,0,0,0,0,0
TF,OMETO,45.736667,8.042778,0, ,0.0,0.0,0.0,0.0,2,19000,0,0,0,0,0,0

SID,TOVS5A,36,2
CF,LIN,45.461250,9.275278,0,LIN,0.0,0.0,355.0,1.0,2,850,0,0,0,0,0,1
TF,D050B,45.480244,9.308631,0, ,0.0,0.0,0.0,0.0,2,1500,0,0,0,0,0,0
TF,D097C,45.453872,9.349600,0, ,0.0,0.0,0.0,0.0,2,2500,0,0,0,0,0,1
CF,ATGAM,45.414444,9.382500,0,SRN,131.3,20.6,131.0,2.0,2,3500,0,0,0,0,0,0
TF,COD,45.226278,9.541194,0, ,0.0,0.0,0.0,0.0,2,5000,0,0,0,0,0,0
TF,TOVSA,45.085556,9.613889,0, ,0.0,0.0,0.0,0.0,2,6000,0,0,0,0,0,0

SID,TOVS5A,DEV5B,3
IF,TOVSA,45.085556,9.613889, ,0.0,0.0,2,6000,0,0,0,0,0,0
TF,ML401,44.973572,9.361903,0, ,0.0,0.0,0.0,0.0,2,10000,0,0,0,0,0,0
TF,DEVOX,44.696111,8.746944,0, ,0.0,0.0,0.0,0.0,0,0,0,0,0,0,0,0

SID,TOVS5A,EKP5A,3
IF,TOVSA,45.085556,9.613889, ,0.0,0.0,2,6000,0,0,0,0,0,0
TF,APRIV,44.682500,9.876389,0, ,0.0,0.0,0.0,0.0,2,10000,0,0,0,0,0,0
TF,EKPAL,44.484167,10.162500,0, ,0.0,0.0,0.0,0.0,2,19500,0,0,0,0,0,0

SID,TOVS5A,GEN5Q,3
IF,TOVSA,45.085556,9.613889, ,0.0,0.0,2,6000,0,0,0,0,0,0
TF,APRIV,44.682500,9.876389,0, ,0.0,0.0,0.0,0.0,2,10000,0,0,0,0,0,0
TF,GEN,44.424444,9.082333,0, ,0.0,0.0,0.0,0.0,0,0,0,0,0,0,0,0

SID,TOVS5A,GEN5V,3
IF,TOVSA,45.085556,9.613889, ,0.0,0.0,2,6000,0,0,0,0,0,0
TF,ML402,44.916539,9.476639,0, ,0.0,0.0,0.0,0.0,2,10000,0,0,0,0,0,0
TF,GEN,44.424444,9.082333,0, ,0.0,0.0,0.0,0.0,0,0,0,0,0,0,0,0

SID,TOVS5B,36,2
CF,D359B,45.461897,9.275483,0,SRN,134.8,15.4,355.0,1.0,2,850,0,0,0,0,0,1
DF,D050B,45.480244,9.308631,2, ,0.0,0.0,2,1500,0,0,0,0,0,0
TF,D097C,45.453872,9.349600,0, ,0.0,0.0,0.0,0.0,2,2500,0,0,0,0,0,1
CF,ATGAM,45.414444,9.382500,0,SRN,131.3,20.6,131.0,2.0,2,3500,0,0,0,0,0,0
TF,COD,45.226278,9.541194,0, ,0.0,0.0,0.0,0.0,2,5000,0,0,0,0,0,0
TF,TOVSA,45.085556,9.613889,0, ,0.0,0.0,0.0,0.0,2,6000,0,0,0,0,0,0

SID,TOVS5B,DEV5B,3
IF,TOVSA,45.085556,9.613889, ,0.0,0.0,2,6000,0,0,0,0,0,0
TF,ML401,44.973572,9.361903,0, ,0.0,0.0,0.0,0.0,2,10000,0,0,0,0,0,0
TF,DEVOX,44.696111,8.746944,0, ,0.0,0.0,0.0,0.0,0,0,0,0,0,0,0,0

SID,TOVS5B,EKP5A,3
IF,TOVSA,45.085556,9.613889, ,0.0,0.0,2,6000,0,0,0,0,0,0
TF,APRIV,44.682500,9.876389,0, ,0.0,0.0,0.0,0.0,2,10000,0,0,0,0,0,0
TF,EKPAL,44.484167,10.162500,0, ,0.0,0.0,0.0,0.0,2,19500,0,0,0,0,0,0

SID,TOVS5B,GEN5Q,3
IF,TOVSA,45.085556,9.613889, ,0.0,0.0,2,6000,0,0,0,0,0,0
TF,APRIV,44.682500,9.876389,0, ,0.0,0.0,0.0,0.0,2,10000,0,0,0,0,0,0
TF,GEN,44.424444,9.082333,0, ,0.0,0.0,0.0,0.0,0,0,0,0,0,0,0,0

SID,TOVS5B,GEN5V,3
IF,TOVSA,45.085556,9.613889, ,0.0,0.0,2,6000,0,0,0,0,0,0
TF,ML402,44.916539,9.476639,0, ,0.0,0.0,0.0,0.0,2,10000,0,0,0,0,0,0
TF,GEN,44.424444,9.082333,0, ,0.0,0.0,0.0,0.0,0,0,0,0,0,0,0,0

SID,TOVS5C,18,2
FD,RW18,45.456214,9.275867,0,LIN,174.3,2.2,175.0,2.2,2,840,0,0,0,0,0,0
CI,0, ,0.0,110.0,0,0,0,0,0,0,0,0
CF,D140H,45.357119,9.393508,0,LIN,140.3,8.0,140.0,3.0,2,3000,0,0,0,0,0,0
TF,COD,45.226278,9.541194,0, ,0.0,0.0,0.0,0.0,2,5000,0,0,0,0,0,0
TF,TOVSA,45.085556,9.613889,0, ,0.0,0.0,0.0,0.0,2,6000,0,0,0,0,0,0

SID,TOVS5C,DEV5B,3
IF,TOVSA,45.085556,9.613889, ,0.0,0.0,2,6000,0,0,0,0,0,0
TF,ML401,44.973572,9.361903,0, ,0.0,0.0,0.0,0.0,2,10000,0,0,0,0,0,0
TF,DEVOX,44.696111,8.746944,0, ,0.0,0.0,0.0,0.0,0,0,0,0,0,0,0,0

SID,TOVS5C,EKP5A,3
IF,TOVSA,45.085556,9.613889, ,0.0,0.0,2,6000,0,0,0,0,0,0
TF,APRIV,44.682500,9.876389,0, ,0.0,0.0,0.0,0.0,2,10000,0,0,0,0,0,0
TF,EKPAL,44.484167,10.162500,0, ,0.0,0.0,0.0,0.0,2,19500,0,0,0,0,0,0

SID,TOVS5C,GEN5Q,3
IF,TOVSA,45.085556,9.613889, ,0.0,0.0,2,6000,0,0,0,0,0,0
TF,APRIV,44.682500,9.876389,0, ,0.0,0.0,0.0,0.0,2,10000,0,0,0,0,0,0
TF,GEN,44.424444,9.082333,0, ,0.0,0.0,0.0,0.0,0,0,0,0,0,0,0,0

SID,TOVS5C,GEN5V,3
IF,TOVSA,45.085556,9.613889, ,0.0,0.0,2,6000,0,0,0,0,0,0
TF,ML402,44.916539,9.476639,0, ,0.0,0.0,0.0,0.0,2,10000,0,0,0,0,0,0
TF,GEN,44.424444,9.082333,0, ,0.0,0.0,0.0,0.0,0,0,0,0,0,0,0,0

SID,TOVS5C,LOG5C,3
IF,TOVSA,45.085556,9.613889, ,0.0,0.0,2,6000,0,0,0,0,0,0
TF,PABRO,45.003611,9.957222,0, ,0.0,0.0,0.0,0.0,2,9000,0,0,0,0,0,0
TF,LOGDI,44.713056,10.196111,0, ,0.0,0.0,0.0,0.0,2,11500,0,0,0,0,0,0

SID,TOVS5Z,18,2
CF,D170A,45.420506,9.279597,0,VOG,26.5,30.4,175.0,1.0,2,840,0,0,0,0,0,1
CI,0, ,0.0,110.0,0,0,0,0,0,0,0,0
CF,D138W,45.356161,9.378314,0,SRN,138.0,23.0,138.0,3.0,2,3000,0,0,0,0,0,0
TF,COD,45.226278,9.541194,0, ,0.0,0.0,0.0,0.0,2,5000,0,0,0,0,0,0
TF,TOVSA,45.085556,9.613889,0, ,0.0,0.0,0.0,0.0,2,6000,0,0,0,0,0,0

SID,TOVS5Z,DEV5B,3
IF,TOVSA,45.085556,9.613889, ,0.0,0.0,2,6000,0,0,0,0,0,0
TF,ML401,44.973572,9.361903,0, ,0.0,0.0,0.0,0.0,2,10000,0,0,0,0,0,0
TF,DEVOX,44.696111,8.746944,0, ,0.0,0.0,0.0,0.0,0,0,0,0,0,0,0,0

SID,TOVS5Z,EKP5A,3
IF,TOVSA,45.085556,9.613889, ,0.0,0.0,2,6000,0,0,0,0,0,0
TF,APRIV,44.682500,9.876389,0, ,0.0,0.0,0.0,0.0,2,10000,0,0,0,0,0,0
TF,EKPAL,44.484167,10.162500,0, ,0.0,0.0,0.0,0.0,2,19500,0,0,0,0,0,0

SID,TOVS5Z,GEN5Q,3
IF,TOVSA,45.085556,9.613889, ,0.0,0.0,2,6000,0,0,0,0,0,0
TF,APRIV,44.682500,9.876389,0, ,0.0,0.0,0.0,0.0,2,10000,0,0,0,0,0,0
TF,GEN,44.424444,9.082333,0, ,0.0,0.0,0.0,0.0,0,0,0,0,0,0,0,0

SID,TOVS5Z,GEN5V,3
IF,TOVSA,45.085556,9.613889, ,0.0,0.0,2,6000,0,0,0,0,0,0
TF,ML402,44.916539,9.476639,0, ,0.0,0.0,0.0,0.0,2,10000,0,0,0,0,0,0
TF,GEN,44.424444,9.082333,0, ,0.0,0.0,0.0,0.0,0,0,0,0,0,0,0,0

SID,TOVS5Z,LOG5C,3
IF,TOVSA,45.085556,9.613889, ,0.0,0.0,2,6000,0,0,0,0,0,0
TF,PABRO,45.003611,9.957222,0, ,0.0,0.0,0.0,0.0,2,9000,0,0,0,0,0,0
TF,LOGDI,44.713056,10.196111,0, ,0.0,0.0,0.0,0.0,2,11500,0,0,0,0,0,0

SID,TREV5Z,18,2
CF,D170A,45.420506,9.279597,0,SRN,140.1,17.4,175.0,1.0,2,840,0,0,0,0,0,1
CI,0, ,0.0,110.0,0,0,0,0,0,0,0,0
CF,D138W,45.356161,9.378314,0,SRN,138.0,23.0,138.0,3.0,2,3000,0,0,0,0,0,0
TF,COD,45.226278,9.541194,0, ,0.0,0.0,0.0,0.0,2,5000,0,0,0,0,0,1
CF,TREVI,45.603878,9.694486,1,SRN,93.9,28.4,7.0,22.0,2,9500,0,0,0,0,0,0

SID,TREV5Z,ABE8C,3
IF,TREVI,45.603878,9.694486, ,0.0,0.0,2,9500,0,0,0,0,0,0
TF,BEG,45.669472,9.709194,0, ,0.0,0.0,0.0,0.0,2,10500,0,0,0,0,0,0
TF,D310E,45.724022,9.619328,0, ,0.0,0.0,0.0,0.0,2,12500,0,0,0,0,0,0
TF,ADARI,45.844722,9.419444,0, ,0.0,0.0,0.0,0.0,2,14000,0,0,0,0,0,0
TF,NIKMO,45.992778,9.173056,0, ,0.0,0.0,0.0,0.0,0,0,0,0,0,0,0,0
TF,ABESI,46.159722,9.042778,0, ,0.0,0.0,0.0,0.0,2,15000,0,0,0,0,0,0

SID,TREV5Z,CAN8C,3
IF,TREVI,45.603878,9.694486, ,0.0,0.0,2,9500,0,0,0,0,0,0
TF,BEG,45.669472,9.709194,0, ,0.0,0.0,0.0,0.0,2,10500,0,0,0,0,0,0
TF,D310E,45.724022,9.619328,0, ,0.0,0.0,0.0,0.0,2,12500,0,0,0,0,0,0
TF,ADARI,45.844722,9.419444,0, ,0.0,0.0,0.0,0.0,2,14000,0,0,0,0,0,0
TF,NIKMO,45.992778,9.173056,0, ,0.0,0.0,0.0,0.0,0,0,0,0,0,0,0,0
TF,CANNE,46.166667,8.881111,0, ,0.0,0.0,0.0,0.0,2,15000,0,0,0,0,0,0

SID,TREV5Z,ELT5C,3
IF,TREVI,45.603878,9.694486, ,0.0,0.0,2,9500,0,0,0,0,0,0
TF,RUVAB,45.761389,9.569722,0, ,0.0,0.0,0.0,0.0,2,11000,0,0,0,0,0,0
TF,EKBUV,45.789722,10.117222,0, ,0.0,0.0,0.0,0.0,0,0,0,0,0,0,0,0
TF,ELTAR,45.647500,10.627778,0, ,0.0,0.0,0.0,0.0,0,0,0,0,0,0,0,0

SID,TREV5Z,NES6C,3
IF,TREVI,45.603878,9.694486, ,0.0,0.0,2,9500,0,0,0,0,0,0
TF,RUVAB,45.761389,9.569722,0, ,0.0,0.0,0.0,0.0,2,11000,0,0,0,0,0,0
TF,EKBUV,45.789722,10.117222,0, ,0.0,0.0,0.0,0.0,2,12000,0,0,0,0,0,0
TF,NESTI,45.803889,10.426944,0, ,0.0,0.0,0.0,0.0,2,13500,0,0,0,0,0,0

SID,TREV6D,18,2
FD,RW18,45.456214,9.275867,0,LIN,174.3,2.2,175.0,2.2,2,840,0,0,0,0,0,0
CI,0, ,0.0,110.0,0,0,0,0,0,0,0,0
CF,D140H,45.357119,9.393508,0,LIN,140.3,8.0,140.0,3.0,2,3000,0,0,0,0,0,0
TF,COD,45.226278,9.541194,0, ,0.0,0.0,0.0,0.0,2,5000,0,0,0,0,0,1
CF,TREVI,45.603878,9.694486,1,BEG,187.9,4.0,7.0,22.0,2,9500,0,0,0,0,0,0

SID,TREV6D,ABE8C,3
IF,TREVI,45.603878,9.694486, ,0.0,0.0,2,9500,0,0,0,0,0,0
TF,BEG,45.669472,9.709194,0, ,0.0,0.0,0.0,0.0,2,10500,0,0,0,0,0,0
TF,D310E,45.724022,9.619328,0, ,0.0,0.0,0.0,0.0,2,12500,0,0,0,0,0,0
TF,ADARI,45.844722,9.419444,0, ,0.0,0.0,0.0,0.0,2,14000,0,0,0,0,0,0
TF,NIKMO,45.992778,9.173056,0, ,0.0,0.0,0.0,0.0,0,0,0,0,0,0,0,0
TF,ABESI,46.159722,9.042778,0, ,0.0,0.0,0.0,0.0,2,15000,0,0,0,0,0,0

SID,TREV6D,CAN8C,3
IF,TREVI,45.603878,9.694486, ,0.0,0.0,2,9500,0,0,0,0,0,0
TF,BEG,45.669472,9.709194,0, ,0.0,0.0,0.0,0.0,2,10500,0,0,0,0,0,0
TF,D310E,45.724022,9.619328,0, ,0.0,0.0,0.0,0.0,2,12500,0,0,0,0,0,0
TF,ADARI,45.844722,9.419444,0, ,0.0,0.0,0.0,0.0,2,14000,0,0,0,0,0,0
TF,NIKMO,45.992778,9.173056,0, ,0.0,0.0,0.0,0.0,0,0,0,0,0,0,0,0
TF,CANNE,46.166667,8.881111,0, ,0.0,0.0,0.0,0.0,2,15000,0,0,0,0,0,0

SID,TREV6D,ELT5C,3
IF,TREVI,45.603878,9.694486, ,0.0,0.0,2,9500,0,0,0,0,0,0
TF,RUVAB,45.761389,9.569722,0, ,0.0,0.0,0.0,0.0,2,11000,0,0,0,0,0,0
TF,EKBUV,45.789722,10.117222,0, ,0.0,0.0,0.0,0.0,0,0,0,0,0,0,0,0
TF,ELTAR,45.647500,10.627778,0, ,0.0,0.0,0.0,0.0,0,0,0,0,0,0,0,0

SID,TREV6D,NES6C,3
IF,TREVI,45.603878,9.694486, ,0.0,0.0,2,9500,0,0,0,0,0,0
TF,RUVAB,45.761389,9.569722,0, ,0.0,0.0,0.0,0.0,2,11000,0,0,0,0,0,0
TF,EKBUV,45.789722,10.117222,0, ,0.0,0.0,0.0,0.0,2,12000,0,0,0,0,0,0
TF,NESTI,45.803889,10.426944,0, ,0.0,0.0,0.0,0.0,2,13500,0,0,0,0,0,0

SID,TZO6Z,36,2
CF,ML501,45.503406,9.270408,0,SRN,128.1,13.5,355.0,4.0,2,1800,0,0,0,0,0,0
TF,D356F,45.528392,9.268867,0, ,0.0,0.0,0.0,0.0,2,2500,0,1,220,0,0,1
CF,TZO,45.559250,9.507083,2,SRN,103.1,21.1,89.0,8.0,2,8500,0,0,0,0,0,0

SID,TZO6Z,ABE9A,3
IF,TZO,45.559250,9.507083, ,0.0,0.0,2,8500,0,0,0,0,0,0
TF,OLPUR,45.648333,9.619167,0, ,0.0,0.0,0.0,0.0,0,0,0,0,0,0,0,1
CF,D310E,45.724022,9.619328,1,BEG,309.9,5.0,310.0,2.0,2,12500,0,0,0,0,0,0
TF,ADARI,45.844722,9.419444,0, ,0.0,0.0,0.0,0.0,2,14000,0,0,0,0,0,0
TF,NIKMO,45.992778,9.173056,0, ,0.0,0.0,0.0,0.0,0,0,0,0,0,0,0,0
TF,ABESI,46.159722,9.042778,0, ,0.0,0.0,0.0,0.0,2,15000,0,0,0,0,0,0

SID,TZO6Z,CAN9A,3
IF,TZO,45.559250,9.507083, ,0.0,0.0,2,8500,0,0,0,0,0,0
TF,OLPUR,45.648333,9.619167,0, ,0.0,0.0,0.0,0.0,0,0,0,0,0,0,0,1
CF,D310E,45.724022,9.619328,1,BEG,309.9,5.0,310.0,2.0,2,12500,0,0,0,0,0,0
TF,ADARI,45.844722,9.419444,0, ,0.0,0.0,0.0,0.0,2,14000,0,0,0,0,0,0
TF,NIKMO,45.992778,9.173056,0, ,0.0,0.0,0.0,0.0,0,0,0,0,0,0,0,0
TF,CANNE,46.166667,8.881111,0, ,0.0,0.0,0.0,0.0,2,15000,0,0,0,0,0,0

SID,TZO6Z,OSK5B,3
IF,TZO,45.559250,9.507083, ,0.0,0.0,2,8500,0,0,0,0,0,0
TF,ORI,45.643778,9.841667,0, ,0.0,0.0,0.0,0.0,2,9500,0,0,0,0,0,0
TF,OSKOR,45.649167,10.116667,0, ,0.0,0.0,0.0,0.0,2,12500,0,0,0,0,0,0

SID,TZO7C,36,2
CF,LIN,45.461250,9.275278,0,LIN,0.0,0.0,355.0,1.0,2,850,0,0,0,0,0,0
FD,LIN,45.461250,9.275278,0,LIN,0.0,2.5,5.0,2.5,2,2000,0,0,0,0,0,0
CF,D005D,45.527539,9.285244,0,LIN,5.0,4.0,5.0,2.0,2,2800,0,0,0,0,0,1
CF,TZO,45.559250,9.507083,0,LIN,57.9,11.4,89.0,9.0,2,8500,0,1,220,0,0,0

SID,TZO7C,ABE9A,3
IF,TZO,45.559250,9.507083, ,0.0,0.0,2,8500,0,0,0,0,0,0
TF,OLPUR,45.648333,9.619167,0, ,0.0,0.0,0.0,0.0,0,0,0,0,0,0,0,1
CF,D310E,45.724022,9.619328,1,BEG,309.9,5.0,310.0,2.0,2,12500,0,0,0,0,0,0
TF,ADARI,45.844722,9.419444,0, ,0.0,0.0,0.0,0.0,2,14000,0,0,0,0,0,0
TF,NIKMO,45.992778,9.173056,0, ,0.0,0.0,0.0,0.0,0,0,0,0,0,0,0,0
TF,ABESI,46.159722,9.042778,0, ,0.0,0.0,0.0,0.0,2,15000,0,0,0,0,0,0

SID,TZO7C,CAN9A,3
IF,TZO,45.559250,9.507083, ,0.0,0.0,2,8500,0,0,0,0,0,0
TF,OLPUR,45.648333,9.619167,0, ,0.0,0.0,0.0,0.0,0,0,0,0,0,0,0,1
CF,D310E,45.724022,9.619328,1,BEG,309.9,5.0,310.0,2.0,2,12500,0,0,0,0,0,0
TF,ADARI,45.844722,9.419444,0, ,0.0,0.0,0.0,0.0,2,14000,0,0,0,0,0,0
TF,NIKMO,45.992778,9.173056,0, ,0.0,0.0,0.0,0.0,0,0,0,0,0,0,0,0
TF,CANNE,46.166667,8.881111,0, ,0.0,0.0,0.0,0.0,2,15000,0,0,0,0,0,0

SID,TZO7C,OSK5B,3
IF,TZO,45.559250,9.507083, ,0.0,0.0,2,8500,0,0,0,0,0,0
TF,ORI,45.643778,9.841667,0, ,0.0,0.0,0.0,0.0,2,9500,0,0,0,0,0,0
TF,OSKOR,45.649167,10.116667,0, ,0.0,0.0,0.0,0.0,2,12500,0,0,0,0,0,0

STAR,AMOX4H,GEN1R,4
IF,GEN,44.424444,9.082333, ,0.0,0.0,0,0,0,0,0,0,0,0
TF,AMOXI,44.597553,9.367019,0, ,0.0,0.0,0.0,0.0,0,0,0,0,0,0,0,0

STAR,AMOX4H,IDO1R,4
IF,IDONA,43.985000,9.430833, ,0.0,0.0,0,0,0,0,0,0,0,0
TF,AMOXI,44.597553,9.367019,0, ,0.0,0.0,0.0,0.0,0,0,0,0,0,0,0,0

STAR,AMOX4H,KAK1R,4
IF,KALIK,44.468333,9.848056, ,0.0,0.0,0,0,0,0,0,0,0,0
TF,AMOXI,44.597553,9.367019,0, ,0.0,0.0,0.0,0.0,0,0,0,0,0,0,0,0

STAR,AMOX4H,KAO1R,4
IF,KALMO,44.321667,9.594167, ,0.0,0.0,0,0,0,0,0,0,0,0
TF,AMOXI,44.597553,9.367019,0, ,0.0,0.0,0.0,0.0,0,0,0,0,0,0,0,0

STAR,AMOX4H,36,5
IF,AMOXI,44.597553,9.367019, ,0.0,0.0,0,0,0,0,0,0,0,0
TF,NOGMO,44.781111,9.348056,0, ,0.0,0.0,0.0,0.0,0,0,0,0,0,0,0,0
TF,LIMBA,44.926667,9.332778,0, ,0.0,0.0,0.0,0.0,0,0,0,0,0,0,0,0
TF,DIXER,45.078333,9.316667,0, ,0.0,0.0,0.0,0.0,0,0,0,0,0,0,0,0

STAR,ASTI1D,TOP1R,4
IF,TOP,44.925417,7.861667, ,0.0,0.0,0,0,0,0,0,0,0,0
TF,ASTIG,44.941717,8.290411,0, ,0.0,0.0,0.0,0.0,0,0,0,0,0,0,0,0

STAR,ASTI1D,18,5
IF,ASTIG,44.941717,8.290411, ,0.0,0.0,0,0,0,0,0,0,0,0
TF,VOG,44.964528,8.970194,0, ,0.0,0.0,0.0,0.0,0,0,0,0,0,0,0,0
TF,SRN,45.645972,9.021583,0, ,0.0,0.0,0.0,0.0,0,0,0,0,0,0,0,0

STAR,ASTI1J,TOP1R,4
IF,TOP,44.925417,7.861667, ,0.0,0.0,0,0,0,0,0,0,0,0
TF,ASTIG,44.941717,8.290411,0, ,0.0,0.0,0.0,0.0,0,0,0,0,0,0,0,0

STAR,ASTI1J,36,5
IF,ASTIG,44.941717,8.290411, ,0.0,0.0,0,0,0,0,0,0,0,0
TF,VOG,44.964528,8.970194,0, ,0.0,0.0,0.0,0.0,0,0,0,0,0,0,0,0

STAR,GEN1D,18,5
IF,GEN,44.424444,9.082333, ,0.0,0.0,0,0,0,0,0,0,0,0
TF,ML602,44.704894,9.026633,0, ,0.0,0.0,0.0,0.0,0,0,0,0,0,0,0,0
TF,VOG,44.964528,8.970194,0, ,0.0,0.0,0.0,0.0,0,0,0,0,0,0,0,0
TF,SRN,45.645972,9.021583,0, ,0.0,0.0,0.0,0.0,0,0,0,0,0,0,0,0

STAR,GEN1J,36,5
IF,GEN,44.424444,9.082333, ,0.0,0.0,0,0,0,0,0,0,0,0
TF,ML602,44.704894,9.026633,0, ,0.0,0.0,0.0,0.0,0,0,0,0,0,0,0,0
TF,VOG,44.964528,8.970194,0, ,0.0,0.0,0.0,0.0,0,0,0,0,0,0,0,0

STAR,KALI1B,36,5
IF,KALIK,44.468333,9.848056, ,0.0,0.0,0,0,0,0,0,0,0,0
TF,NOGMO,44.781111,9.348056,0, ,0.0,0.0,0.0,0.0,0,0,0,0,0,0,0,0
TF,LIMBA,44.926667,9.332778,0, ,0.0,0.0,0.0,0.0,0,0,0,0,0,0,0,0
TF,DIXER,45.078333,9.316667,0, ,0.0,0.0,0.0,0.0,0,0,0,0,0,0,0,0

STAR,KALI1C,18,5
IF,KALIK,44.468333,9.848056, ,0.0,0.0,0,0,0,0,0,0,0,0
TF,ML606,44.865667,9.697864,0, ,0.0,0.0,0.0,0.0,0,0,0,0,0,0,0,0
TF,TOVSA,45.085556,9.613889,0, ,0.0,0.0,0.0,0.0,0,0,0,0,0,0,0,0
TF,ML607,45.233678,9.580639,0, ,0.0,0.0,0.0,0.0,0,0,0,0,0,0,0,0
TF,TZO,45.559250,9.507083,0, ,0.0,0.0,0.0,0.0,0,0,0,0,0,0,0,0

STAR,KALI1D,36,5
IF,KALIK,44.468333,9.848056, ,0.0,0.0,0,0,0,0,0,0,0,0
TF,ML603,44.861075,9.564908,0, ,0.0,0.0,0.0,0.0,0,0,0,0,0,0,0,0
TF,INVES,45.047222,9.429167,0, ,0.0,0.0,0.0,0.0,0,0,0,0,0,0,0,0
TF,ML604,45.121725,9.376394,0, ,0.0,0.0,0.0,0.0,0,0,0,0,0,0,0,0
TF,SOROP,45.228889,9.300278,0, ,0.0,0.0,0.0,0.0,0,0,0,0,0,0,0,0

STAR,KALI2A,36,5
IF,KALIK,44.468333,9.848056, ,0.0,0.0,0,0,0,0,0,0,0,0
TF,IBLUN,44.870833,9.724167,0, ,0.0,0.0,0.0,0.0,0,0,0,0,0,0,0,0
TF,TOVSA,45.085556,9.613889,0, ,0.0,0.0,0.0,0.0,0,0,0,0,0,0,0,0
TF,COD,45.226278,9.541194,0, ,0.0,0.0,0.0,0.0,0,0,0,0,0,0,0,0

STAR,LUSI1A,36,5
IF,LUSIL,46.043056,10.116667, ,0.0,0.0,0,0,0,0,0,0,0,0
TF,ORI,45.643778,9.841667,0, ,0.0,0.0,0.0,0.0,0,0,0,0,0,0,0,0
TF,COD,45.226278,9.541194,0, ,0.0,0.0,0.0,0.0,0,0,0,0,0,0,0,0

STAR,LUSI1C,18,5
IF,LUSIL,46.043056,10.116667, ,0.0,0.0,0,0,0,0,0,0,0,0
TF,ORI,45.643778,9.841667,0, ,0.0,0.0,0.0,0.0,0,0,0,0,0,0,0,0
TF,TZO,45.559250,9.507083,0, ,0.0,0.0,0.0,0.0,0,0,0,0,0,0,0,0

STAR,ODIN1C,18,5
IF,ODINA,46.104403,8.664925, ,0.0,0.0,0,0,0,0,0,0,0,0
TF,ROMUN,45.729444,9.246944,0, ,0.0,0.0,0.0,0.0,0,0,0,0,0,0,0,0
TF,TZO,45.559250,9.507083,0, ,0.0,0.0,0.0,0.0,0,0,0,0,0,0,0,0

STAR,ODIN1D,18,5
IF,ODINA,46.104403,8.664925, ,0.0,0.0,0,0,0,0,0,0,0,0
TF,SULUR,45.749167,8.943333,0, ,0.0,0.0,0.0,0.0,0,0,0,0,0,0,0,0
TF,SRN,45.645972,9.021583,0, ,0.0,0.0,0.0,0.0,0,0,0,0,0,0,0,0

STAR,ODIN2A,36,5
IF,ODINA,46.104403,8.664925, ,0.0,0.0,0,0,0,0,0,0,0,0
TF,TZO,45.559250,9.507083,0, ,0.0,0.0,0.0,0.0,0,0,0,0,0,0,0,0
TF,COD,45.226278,9.541194,0, ,0.0,0.0,0.0,0.0,0,0,0,0,0,0,0,0

STAR,OSBU1B,36,5
IF,OSBUL,44.822222,10.293333, ,0.0,0.0,0,0,0,0,0,0,0,0
TF,PABRO,45.003611,9.957222,0, ,0.0,0.0,0.0,0.0,0,0,0,0,0,0,0,0
TF,COD,45.226278,9.541194,0, ,0.0,0.0,0.0,0.0,0,0,0,0,0,0,0,0

STAR,OSBU1C,18,5
IF,OSBUL,44.822222,10.293333, ,0.0,0.0,0,0,0,0,0,0,0,0
TF,DORIN,45.225833,9.866111,0, ,0.0,0.0,0.0,0.0,0,0,0,0,0,0,0,0
TF,TZO,45.559250,9.507083,0, ,0.0,0.0,0.0,0.0,0,0,0,0,0,0,0,0

STAR,OSKO1A,36,5
IF,OSKOR,45.649167,10.116667, ,0.0,0.0,0,0,0,0,0,0,0,0
TF,ORI,45.643778,9.841667,0, ,0.0,0.0,0.0,0.0,0,0,0,0,0,0,0,0
TF,COD,45.226278,9.541194,0, ,0.0,0.0,0.0,0.0,0,0,0,0,0,0,0,0

STAR,OSKO1C,18,5
IF,OSKOR,45.649167,10.116667, ,0.0,0.0,0,0,0,0,0,0,0,0
TF,ORI,45.643778,9.841667,0, ,0.0,0.0,0.0,0.0,0,0,0,0,0,0,0,0
TF,TZO,45.559250,9.507083,0, ,0.0,0.0,0.0,0.0,0,0,0,0,0,0,0,0

STAR,SRN1N,ODI1R,4
IF,ODINA,46.104403,8.664925, ,0.0,0.0,0,0,0,0,0,0,0,0
TF,SULUR,45.749167,8.943333,0, ,0.0,0.0,0.0,0.0,0,0,0,0,0,0,0,0
TF,SRN,45.645972,9.021583,0, ,0.0,0.0,0.0,0.0,0,0,0,0,0,0,0,0

STAR,SRN1N,36,5
IF,SRN,45.645972,9.021583, ,0.0,0.0,0,0,0,0,0,0,0,0
TF,UNDAP,45.203056,9.132778,0, ,0.0,0.0,0.0,0.0,0,0,0,0,0,0,0,0
TF,ML608,45.071583,9.165547,0, ,0.0,0.0,0.0,0.0,0,0,0,0,0,0,0,0
TF,DIXER,45.078333,9.316667,0, ,0.0,0.0,0.0,0.0,0,0,0,0,0,0,0,0
TF,SOROP,45.228889,9.300278,0, ,0.0,0.0,0.0,0.0,0,0,0,0,0,0,0,0

STAR,SRN1S,ODI1R,4
IF,ODINA,46.104403,8.664925, ,0.0,0.0,0,0,0,0,0,0,0,0
TF,SULUR,45.749167,8.943333,0, ,0.0,0.0,0.0,0.0,0,0,0,0,0,0,0,0
TF,SRN,45.645972,9.021583,0, ,0.0,0.0,0.0,0.0,0,0,0,0,0,0,0,0

STAR,SRN1S,36,5
IF,SRN,45.645972,9.021583, ,0.0,0.0,0,0,0,0,0,0,0,0
TF,UNDAP,45.203056,9.132778,0, ,0.0,0.0,0.0,0.0,0,0,0,0,0,0,0,0

APPTR,D36,36,COD
IF,COD,45.226278,9.541194, ,0.0,0.0,0,0,0,0,0,0,0,0
CF,D166N,45.228461,9.351381,0,LIN,166.0,14.3,270.0,8.0,2,3000,0,0,0,0,0,1
CF,FD36,45.295014,9.291803,0,LIN,175.0,10.0,355.0,4.0,2,3000,0,0,0,0,0,0

APPTR,D36,36,DIXER
IF,DIXER,45.078333,9.316667, ,0.0,0.0,0,0,0,0,0,0,0,0
CF,D175N,45.228631,9.300639,0,LIN,174.6,14.0,355.0,9.0,2,3000,0,0,0,0,1,0
CF,FD36,45.295014,9.291803,0,LIN,175.0,10.0,355.0,4.0,2,3000,0,0,0,0,0,0

APPTR,D36,36,UNDAP
IF,UNDAP,45.203056,9.132778, ,0.0,0.0,0,0,0,0,0,0,0,0
CF,D183O,45.219203,9.251328,0,LIN,183.0,14.6,77.0,5.1,0,0,0,0,0,0,0,0
CF,FD36,45.295014,9.291803,0,LIN,175.0,10.0,355.0,5.0,2,3000,0,0,0,0,0,0

APPTR,D36,36,VOG
IF,VOG,44.964528,8.970194, ,0.0,0.0,2,9000,0,0,0,0,0,0
FD,VOG,44.964528,8.970194,0,VOG,0.0,9.0,42.0,9.0,2,6000,0,0,0,0,0,0
CI,0, ,0.0,42.0,0,0,0,0,0,0,0,0
CF,D175N,45.228631,9.300639,0,LIN,174.6,14.0,355.0,1.0,2,3000,0,0,0,0,1,0
CF,FD36,45.295014,9.291803,0,LIN,175.0,10.0,355.0,4.0,2,3000,0,0,0,0,0,0

FINAL,D36,36,D,5
IF,FD36,45.295014,9.291803,LIN,175.0,10.0,2,3000,0,0,0,0,2,0
CF,LNE,45.344361,9.288583,0,LIN,174.4,7.0,355.0,3.0,2,2100,0,0,0,0,0,0
CF,40VOR,45.394756,9.281931,0,LIN,175.0,4.0,355.0,3.0,2,1150,0,0,0,0,0,0
CF,30VOR,45.411378,9.280283,0,LIN,175.0,3.0,355.0,1.0,2,830,0,0,0,0,0,0
CF,MD36,45.428003,9.278633,0,LIN,174.9,2.0,355.0,1.0,1,511,0,0,0,0,3,0
CF,LIN,45.461250,9.275278,0,LIN,0.0,0.0,355.0,2.0,2,760,0,0,0,0,0,0
FD,LIN,45.461250,9.275278,0,LIN,0.0,2.5,355.0,2.5,2,1000,0,0,0,0,0,0
VI,2, ,0.0,150.0,0,0,0,1,220,0,0,0
CF,D105K,45.410450,9.525436,0,LIN,105.0,11.0,105.0,7.0,1,3000,0,0,0,0,0,0
HM,D105K,45.410450,9.525436,2, ,0.0,0.0,285.0,03,0,0,0,0,0,0,0,0,0

APPTR,I36-Y,36,COD
FC,COD,45.226278,9.541194,0,SRN,0.0,0.0,270.0,8.0,2,3000,0,0,0,0,0,1
CF,CI36,45.295722,9.293200,0,ILNT,174.6,9.8,355.0,4.0,2,3000,0,0,0,0,0,0

APPTR,I36-Y,36,DIXER
IF,DIXER,45.078333,9.316667, ,0.0,0.0,0,0,0,0,0,0,0,0
CF,SOROP,45.228889,9.300278,0,SRN,153.7,27.7,355.0,9.0,2,3000,0,0,0,0,0,0
CF,CI36,45.295722,9.293200,0,ILNT,174.6,9.8,355.0,4.0,2,3000,0,0,0,0,0,0

APPTR,I36-Y,36,UNDAP
FC,UNDAP,45.203056,9.132778,0,LIN,0.0,0.0,77.0,5.1,0,0,0,0,0,0,0,0
CF,CI36,45.295722,9.293200,0,ILNT,174.6,9.8,355.0,5.0,2,3000,0,0,0,0,0,0

APPTR,I36-Y,36,VOG
IF,VOG,44.964528,8.970194, ,0.0,0.0,2,9000,0,0,0,0,0,0
FD,VOG,44.964528,8.970194,0,VOG,0.0,9.0,42.0,9.0,2,6000,0,0,0,0,0,0
CI,0, ,0.0,42.0,0,0,0,0,0,0,0,0
CF,SOROP,45.228889,9.300278,0,SRN,153.7,27.7,355.0,2.0,2,3000,0,0,0,0,0,0
CF,CI36,45.295722,9.293200,0,ILNT,174.6,9.8,355.0,4.0,2,3000,0,0,0,0,0,0

FINAL,I36-Y,36,I,3
IF,CI36,45.295722,9.293200,ILNT,174.6,9.8,2,3000,0,0,0,0,0,0
CF,OM36,45.344056,9.288306,0,ILNT,174.5,6.9,355.0,2.9,1,2120,0,0,0,0,2,0
CF,RW36,45.434306,9.278228,0,ILNT,174.6,1.5,355.0,5.4,1,389,0,0,0,0,3,0
CF,D355C,45.503439,9.271131,0,TZO,250.5,10.5,355.0,4.1,2,1000,0,0,0,0,0,1
DF,TZO,45.559250,9.507083,2, ,0.0,0.0,1,3000,0,1,220,0,0,0
HM,TZO,45.559250,9.507083,1, ,0.0,0.0,325.0,04.3,0,0,0,0,0,0,0,0,0

APPTR,I36-Z,36,COD
FC,COD,45.226278,9.541194,0,SRN,0.0,0.0,270.0,8.0,2,3000,0,0,0,0,0,1
CF,CI36,45.295722,9.293200,0,ILNT,174.6,9.8,355.0,4.0,2,3000,0,0,0,0,0,0

APPTR,I36-Z,36,DIXER
IF,DIXER,45.078333,9.316667, ,0.0,0.0,0,0,0,0,0,0,0,0
CF,SOROP,45.228889,9.300278,0,SRN,153.7,27.7,355.0,9.0,2,3000,0,0,0,0,0,0
CF,CI36,45.295722,9.293200,0,ILNT,174.6,9.8,355.0,4.0,2,3000,0,0,0,0,0,0

APPTR,I36-Z,36,UNDAP
FC,UNDAP,45.203056,9.132778,0,LIN,0.0,0.0,77.0,5.1,0,0,0,0,0,0,0,0
CF,CI36,45.295722,9.293200,0,ILNT,174.6,9.8,355.0,5.0,2,3000,0,0,0,0,0,0

APPTR,I36-Z,36,VOG
IF,VOG,44.964528,8.970194, ,0.0,0.0,2,9000,0,0,0,0,0,0
FD,VOG,44.964528,8.970194,0,VOG,0.0,9.0,42.0,9.0,2,6000,0,0,0,0,0,0
CI,0, ,0.0,42.0,0,0,0,0,0,0,0,0
CF,SOROP,45.228889,9.300278,0,SRN,153.7,27.7,355.0,2.0,2,3000,0,0,0,0,0,0
CF,CI36,45.295722,9.293200,0,ILNT,174.6,9.8,355.0,4.0,2,3000,0,0,0,0,0,0

FINAL,I36-Z,36,I,3
IF,CI36,45.295722,9.293200,ILNT,174.6,9.8,2,3000,0,0,0,0,0,0
CF,OM36,45.344056,9.288306,0,ILNT,174.5,6.9,355.0,2.9,1,2120,0,0,0,0,2,0
CF,RW36,45.434306,9.278228,0,ILNT,174.6,1.5,355.0,5.4,1,389,0,0,0,0,3,0
FD,RW36,45.434306,9.278228,0,LIN,174.6,2.5,355.0,2.5,2,1000,0,0,0,0,0,0
VI,2, ,0.0,150.0,0,0,0,1,220,0,0,0
CF,D105K,45.410450,9.525436,0,LIN,105.0,11.0,105.0,7.0,1,3000,0,0,0,0,0,0
HM,D105K,45.410450,9.525436,2, ,0.0,0.0,285.0,03,0,0,0,0,0,0,0,0,0

APPTR,N18,18,SRN
IF,SRN,45.645972,9.021583, ,0.0,0.0,0,0,0,0,0,0,0,0
CF,D348S,45.652497,9.203169,0,SRN,86.0,7.7,86.0,7.7,2,4000,0,0,0,0,0,1
CF,CN18,45.628111,9.260303,2,TZO,290.8,11.2,175.0,1.0,2,3700,0,1,210,0,1,0

APPTR,N18,18,TZO
FD,TZO,45.559250,9.507083,0,TZO,0.0,5.0,329.0,5.0,0,0,0,0,0,0,0,0
CF,D329G,45.660050,9.424064,0,TZO,329.0,7.0,329.0,2.0,0,0,0,0,0,0,0,0
CF,D001S,45.656003,9.304100,0,SRN,86.0,11.9,266.0,5.1,2,4000,0,0,0,0,0,1
CF,CN18,45.628111,9.260303,1,TZO,290.8,11.2,175.0,1.0,2,3700,0,1,210,0,1,0

FINAL,N18,18,N,4
IF,CN18,45.628111,9.260303,LNE,0.0,0.0,2,3700,0,0,0,0,0,0
CF,FN18,45.592397,9.262261,0,LNE,0.0,0.0,175.0,2.1,2,3000,0,0,0,0,2,0
CF,40DME,45.503442,9.272761,0,LNE,0.0,0.0,175.0,5.4,2,1310,0,0,0,0,0,0
CF,MN18,45.470197,9.276075,0,LNE,0.0,0.0,175.0,2.0,1,672,0,0,0,0,3,0
CF,D175D,45.378764,9.283508,0,TZO,220.2,14.4,175.0,5.5,2,760,0,0,0,0,0,1
CI,1, ,0.0,28.0,0,0,0,1,200,0,0,0
CF,D058I,45.420464,9.468772,0,TZO,190.0,8.5,58.0,5.5,1,3500,0,0,0,0,0,0
CF,D190F,45.461100,9.479972,0,TZO,190.0,6.0,10.0,2.5,0,0,0,1,210,0,0,0
HM,D190F,45.461100,9.479972,2, ,0.0,0.0,10.0,03,0,0,0,0,0,0,0,0,0

APPTR,Q36,36,COD
IF,COD,45.226278,9.541194, ,0.0,0.0,0,0,0,0,0,0,0,0
CF,D166N,45.228461,9.351381,0,SRN,149.8,28.7,270.0,8.0,2,3000,0,0,0,0,0,1
CF,FQ36,45.298672,9.292800,0,SRN,150.1,23.8,355.0,4.9,2,3000,0,0,0,0,0,0

APPTR,Q36,36,LNE
HF,LNE,45.344361,9.288583,2, ,0.0,0.0,355.0,04.3,2,3000,0,1,220,0,0,0,0

APPTR,Q36,36,UNDAP
IF,UNDAP,45.203056,9.132778, ,0.0,0.0,0,0,0,0,0,0,0,0
CF,D183O,45.219203,9.251328,0,LIN,183.0,15.5,77.0,5.0,0,0,0,0,0,0,0,0
CF,FQ36,45.298672,9.292800,0,LIN,174.7,9.8,355.0,6.0,2,3000,0,0,0,0,0,0

APPTR,Q36,36,VOG
IF,VOG,44.964528,8.970194, ,0.0,0.0,2,9000,0,0,0,0,0,0
FD,VOG,44.964528,8.970194,0,VOG,0.0,9.0,42.0,9.0,2,6000,0,0,0,0,0,0
CI,0, ,0.0,42.0,0,0,0,0,0,0,0,0
CF,D175N,45.228631,9.300639,0,SRN,153.7,27.7,355.0,3.0,2,3000,0,0,0,0,0,0
CF,FQ36,45.298672,9.292800,0,SRN,150.1,23.8,355.0,4.2,2,3000,0,0,0,0,0,0

FINAL,Q36,36,N,3
IF,FQ36,45.298672,9.292800,LNE,0.0,0.0,2,3000,0,0,0,0,2,0
CF,LNE,45.344361,9.288583,0,LNE,0.0,0.0,355.0,2.8,2,2100,0,0,0,0,0,0
CF,MQ36,45.411711,9.281586,0,LIN,0.0,3.0,355.0,4.1,1,825,0,0,0,0,3,0
CA,0,355.0,2,825,0,0,0,0,0,0
CF,TZO,45.559250,9.507083,0,TZO,0.0,0.0,60.0,12.0,1,3000,0,0,0,0,0,0

APPTR,R18,18,SRN
IF,SRN,45.645972,9.021583, ,0.0,0.0,2,6000,0,0,0,0,0,0
TF,ML708,45.654431,9.254417,0, ,0.0,0.0,0.0,0.0,2,4000,0,1,200,0,1,0

APPTR,R18,18,TZO
IF,TZO,45.559250,9.507083, ,0.0,0.0,2,5000,0,0,0,0,0,0
TF,ML714,45.660289,9.423864,0, ,0.0,0.0,0.0,0.0,0,0,0,0,0,0,0,0
TF,ML708,45.654431,9.254417,0, ,0.0,0.0,0.0,0.0,2,4000,0,1,200,0,0,0

FINAL,R18,18,G,3
IF,ML708,45.654431,9.254417, ,0.0,0.0,2,4000,0,0,0,0,0,0
TF,ML709,45.591828,9.261208,0, ,0.0,0.0,175.0,3.8,2,3000,0,0,0,0,2,0
TF,RW18,45.456214,9.275867,0, ,0.0,0.0,175.0,8.1,1,402,0,0,0,0,3,1
TF,ML711,45.378389,9.284250,0, ,0.0,0.0,0.0,0.0,2,760,0,0,0,0,0,1
CI,0, ,0.0,95.0,0,0,0,1,220,0,0,0
CF,ML712,45.263200,9.654633,0,LIN,125.4,20.0,125.0,10.0,0,0,0,1,220,0,0,1
CF,ML713,45.257261,9.553136,2,LIN,135.1,17.0,315.0,4.0,2,5000,0,0,0,0,0,0
HM,ML713,45.257261,9.553136,2, ,0.0,0.0,315.0,03,0,0,0,1,210,0,0,0,0

APPTR,R36,36,COD
IF,COD,45.226278,9.541194, ,0.0,0.0,2,5000,0,0,0,0,1,0
TF,SOROP,45.228889,9.300278,0, ,0.0,0.0,0.0,0.0,2,3000,0,0,0,0,1,0

APPTR,R36,36,DIXER
IF,DIXER,45.078333,9.316667, ,0.0,0.0,2,6000,0,0,0,0,1,0
TF,SOROP,45.228889,9.300278,0, ,0.0,0.0,0.0,0.0,2,3000,0,0,0,0,1,0

APPTR,R36,36,UNDAP
IF,UNDAP,45.203056,9.132778, ,0.0,0.0,2,5000,0,0,0,0,1,0
TF,SOROP,45.228889,9.300278,0, ,0.0,0.0,0.0,0.0,2,3000,0,0,0,0,1,0

APPTR,R36,36,VOG
IF,VOG,44.964528,8.970194, ,0.0,0.0,2,9000,0,0,0,0,1,0
TF,ML707,45.076897,9.110278,0, ,0.0,0.0,0.0,0.0,2,6000,0,0,0,0,0,0
TF,SOROP,45.228889,9.300278,0, ,0.0,0.0,0.0,0.0,2,3000,0,0,0,0,1,0

FINAL,R36,36,G,3
IF,SOROP,45.228889,9.300278, ,0.0,0.0,2,3000,0,0,0,0,0,0
TF,ML702,45.323986,9.290092,0, ,0.0,0.0,355.0,5.7,2,2500,0,0,0,0,2,0
TF,ML703,45.428275,9.278878,0, ,0.0,0.0,355.0,6.3,1,501,0,0,0,0,3,1
TF,ML704,45.503033,9.270814,0, ,0.0,0.0,0.0,0.0,2,1000,0,1,210,0,0,1
CI,2, ,0.0,145.0,0,0,0,1,210,0,0,0
CF,ML705,45.409122,9.523900,0,LIN,105.5,11.0,105.0,4.0,2,3000,0,1,210,0,0,0
HM,ML705,45.409122,9.523900,2, ,0.0,0.0,285.0,03,2,3000,0,1,210,0,0,0,0

APPTR,S18,18,SRN
IF,SRN,45.645972,9.021583, ,0.0,0.0,0,0,0,0,0,0,0,0
CF,D345L,45.652642,9.207283,0,LIN,345.0,11.8,86.0,7.8,2,4000,0,0,0,0,0,1
CF,CS18,45.627475,9.258764,2,LIN,355.0,10.0,175.0,1.0,2,3600,0,0,0,0,1,0

APPTR,S18,18,TZO
FD,TZO,45.559250,9.507083,0,TZO,0.0,5.0,329.0,5.0,0,0,0,0,0,0,0,0
CF,D329G,45.660050,9.424064,0,TZO,329.0,7.0,329.0,2.0,0,0,0,0,0,0,0,1
CF,D005L,45.656014,9.304467,0,LIN,5.0,11.8,266.0,5.1,2,4000,0,0,0,0,0,1
CF,CS18,45.627475,9.258764,1,LIN,355.0,10.0,175.0,1.0,2,3600,0,0,0,0,1,0

FINAL,S18,18,D,6
IF,CS18,45.627475,9.258764,LIN,355.0,10.0,2,3600,0,0,0,0,0,0
CF,FS18,45.590906,9.262364,0,LIN,355.0,7.8,175.0,2.2,2,3000,0,0,0,0,2,0
CF,50VOR,45.544364,9.267058,0,LIN,355.0,5.0,175.0,2.8,2,2110,0,0,0,0,0,0
CF,30VO2,45.511117,9.270372,0,LIN,355.0,3.0,175.0,2.0,2,1470,0,0,0,0,0,0
CF,20VOR,45.494494,9.272025,0,LIN,355.1,2.0,175.0,1.0,2,1160,0,0,0,0,0,0
CF,LIN,45.461250,9.275278,0,LIN,0.0,0.0,175.0,2.0,1,502,0,0,0,0,3,0
CF,D175E,45.378133,9.283522,0,LIN,175.0,5.0,175.0,5.0,2,760,0,0,0,0,0,1
CI,0, ,0.0,95.0,0,0,0,1,220,0,0,0
CF,D125T,45.264711,9.657097,0,LIN,125.0,20.0,125.0,9.0,1,5000,0,0,0,0,0,1
CF,D135Q,45.257128,9.553908,2,LIN,135.0,17.0,315.0,3.0,0,0,0,0,0,0,0,0
HM,D135Q,45.257128,9.553908,2, ,0.0,0.0,315.0,03,0,0,0,1,210,0,0,0,0

