SID,OKUN5Z,15,5
CA,0,151.0,2,1500,0,0,0,0,0,0
VI,2, ,0.0,247.0,0,0,0,0,0,0,0,0
CF,RATIR,41.681667,12.449167,0,ROM,218.3,9.7,217.0,2.0,2,3000,0,1,210,0,0,1
DF,RA501,41.693889,12.637417,1, ,0.0,0.0,2,5000,0,1,240,0,0,0
TF,RA502,41.707811,12.830561,0, ,0.0,0.0,0.0,0.0,1,8000,0,0,0,0,0,0
TF,PEMAR,42.029725,12.919444,0, ,0.0,0.0,0.0,0.0,2,11000,0,0,0,0,0,0
TF,OKUNO,42.107222,12.972500,0, ,0.0,0.0,0.0,0.0,2,14000,0,0,0,0,0,0

SID,OST5X,15,5
CA,0,151.0,2,1500,0,0,0,0,0,0
CF,RA504,41.806694,12.510058,2,OST,87.1,12.2,341.0,4.0,2,2000,0,1,210,0,0,0
TF,RA503,41.852494,12.491736,0, ,0.0,0.0,0.0,0.0,2,3000,0,0,0,0,0,1
CF,AKILI,41.830556,12.319444,1,OST,64.4,4.0,244.0,6.0,2,4000,0,0,0,0,0,0
TF,OST,41.803778,12.237528,0, ,0.0,0.0,0.0,0.0,2,5000,0,0,0,0,0,0

SID,OST5X,ESI5H,6
IF,OST,41.803778,12.237528, ,0.0,0.0,2,5000,0,0,0,0,0,0
TF,SOSAK,41.620833,12.043889,0, ,0.0,0.0,0.0,0.0,0,0,0,0,0,0,0,0
TF,TORLI,41.596667,12.018333,0, ,0.0,0.0,0.0,0.0,0,0,0,0,0,0,0,0
TF,ESINO,41.384719,11.794722,0, ,0.0,0.0,0.0,0.0,2,10000,0,0,0,0,0,0

SID,OST5X,KON6A,6
IF,OST,41.803778,12.237528, ,0.0,0.0,2,5000,0,0,0,0,0,0
TF,SOSAK,41.620833,12.043889,0, ,0.0,0.0,0.0,0.0,0,0,0,0,0,0,0,0
TF,TORLI,41.596667,12.018333,0, ,0.0,0.0,0.0,0.0,0,0,0,0,0,0,0,0
TF,KONUT,41.292778,12.016667,0, ,0.0,0.0,0.0,0.0,2,10000,0,0,0,0,0,0

SID,OST5X,OKU5A,6
IF,OST,41.803778,12.237528, ,0.0,0.0,2,5000,0,0,0,0,0,0
TF,XIBRI,41.557778,12.176944,0, ,0.0,0.0,0.0,0.0,0,0,0,0,0,0,0,1
DF,RF511,41.517308,12.409931,1, ,0.0,0.0,2,6000,0,0,0,0,0,0
TF,ROM,41.804667,12.588000,0, ,0.0,0.0,0.0,0.0,0,0,0,0,0,0,0,0
TF,RF513,42.037856,12.807386,0, ,0.0,0.0,0.0,0.0,2,11000,0,0,0,0,0,0
TF,OKUNO,42.107222,12.972500,0, ,0.0,0.0,0.0,0.0,0,0,0,0,0,0,0,0

SID,OST5X,OKU5C,6
IF,OST,41.803778,12.237528, ,0.0,0.0,2,5000,0,0,0,0,0,0
TF,SOSAK,41.620833,12.043889,0, ,0.0,0.0,0.0,0.0,0,0,0,0,0,0,0,1
DF,EKLOS,41.572500,12.300278,1, ,0.0,0.0,2,8000,0,0,0,0,0,0
TF,ROM,41.804667,12.588000,0, ,0.0,0.0,0.0,0.0,0,0,0,0,0,0,0,0
TF,RF513,42.037856,12.807386,0, ,0.0,0.0,0.0,0.0,2,11000,0,0,0,0,0,0
TF,OKUNO,42.107222,12.972500,0, ,0.0,0.0,0.0,0.0,0,0,0,0,0,0,0,0

SID,OST5X,OKU6B,6
IF,OST,41.803778,12.237528, ,0.0,0.0,2,5000,0,0,0,0,0,0
TF,SOSAK,41.620833,12.043889,0, ,0.0,0.0,0.0,0.0,0,0,0,0,0,0,0,1
DF,EKLOS,41.572500,12.300278,1, ,0.0,0.0,2,6000,0,0,0,0,0,0
TF,RF512,41.645881,12.390986,0, ,0.0,0.0,0.0,0.0,2,8000,0,0,0,0,0,0
TF,ROM,41.804667,12.588000,0, ,0.0,0.0,0.0,0.0,0,0,0,0,0,0,0,0
TF,RF513,42.037856,12.807386,0, ,0.0,0.0,0.0,0.0,2,11000,0,0,0,0,0,0
TF,OKUNO,42.107222,12.972500,0, ,0.0,0.0,0.0,0.0,0,0,0,0,0,0,0,0

SID,OST5X,PEP7A,6
IF,OST,41.803778,12.237528, ,0.0,0.0,2,5000,0,0,0,0,0,0
TF,XIBRI,41.557778,12.176944,0, ,0.0,0.0,0.0,0.0,0,0,0,0,0,0,0,0
TF,ELVIN,41.493889,12.161389,0, ,0.0,0.0,0.0,0.0,0,0,0,0,0,0,0,0
TF,RF506,41.321953,12.119581,0, ,0.0,0.0,0.0,0.0,0,0,0,0,0,0,0,0
TF,PEPIX,41.160000,12.188611,0, ,0.0,0.0,0.0,0.0,2,10000,0,0,0,0,0,0

SID,OST5X,PEP7B,6
IF,OST,41.803778,12.237528, ,0.0,0.0,2,5000,0,0,0,0,0,0
TF,SOSAK,41.620833,12.043889,0, ,0.0,0.0,0.0,0.0,0,0,0,0,0,0,0,0
TF,TORLI,41.596667,12.018333,0, ,0.0,0.0,0.0,0.0,0,0,0,0,0,0,0,0
TF,KONUT,41.292778,12.016667,0, ,0.0,0.0,0.0,0.0,2,10000,0,0,0,0,0,0
TF,PEPIX,41.160000,12.188611,0, ,0.0,0.0,0.0,0.0,2,10000,0,0,0,0,0,0

SID,OST5X,RIF7G,6
IF,OST,41.803778,12.237528, ,0.0,0.0,2,5000,0,0,0,0,0,0
TF,XIBRI,41.557778,12.176944,0, ,0.0,0.0,0.0,0.0,0,0,0,0,0,0,0,0
TF,ELVIN,41.493889,12.161389,0, ,0.0,0.0,0.0,0.0,0,0,0,0,0,0,0,0
TF,RIFFI,41.224444,12.532222,0, ,0.0,0.0,0.0,0.0,2,9000,0,0,0,0,0,0

SID,OST5X,RIF7H,6
IF,OST,41.803778,12.237528, ,0.0,0.0,2,5000,0,0,0,0,0,0
TF,SOSAK,41.620833,12.043889,0, ,0.0,0.0,0.0,0.0,0,0,0,0,0,0,0,0
TF,TORLI,41.596667,12.018333,0, ,0.0,0.0,0.0,0.0,0,0,0,1,210,0,0,0
TF,RIFFI,41.224444,12.532222,0, ,0.0,0.0,0.0,0.0,2,9000,0,0,0,0,0,0

SID,OST5X,ROT6A,6
IF,OST,41.803778,12.237528, ,0.0,0.0,2,5000,0,0,0,0,0,0
TF,XIBRI,41.557778,12.176944,0, ,0.0,0.0,0.0,0.0,0,0,0,0,0,0,0,0
TF,ELVIN,41.493889,12.161389,0, ,0.0,0.0,0.0,0.0,0,0,0,0,0,0,0,0
TF,RF506,41.321953,12.119581,0, ,0.0,0.0,0.0,0.0,0,0,0,0,0,0,0,0
TF,PEPIX,41.160000,12.188611,0, ,0.0,0.0,0.0,0.0,2,10000,0,0,0,0,0,0
TF,ROTUN,40.883333,12.305556,0, ,0.0,0.0,0.0,0.0,2,11000,0,0,0,0,0,0

SID,OST5X,ROT6B,6
IF,OST,41.803778,12.237528, ,0.0,0.0,2,5000,0,0,0,0,0,0
TF,SOSAK,41.620833,12.043889,0, ,0.0,0.0,0.0,0.0,0,0,0,0,0,0,0,0
TF,TORLI,41.596667,12.018333,0, ,0.0,0.0,0.0,0.0,0,0,0,0,0,0,0,0
TF,KONUT,41.292778,12.016667,0, ,0.0,0.0,0.0,0.0,2,10000,0,0,0,0,0,0
TF,PEPIX,41.160000,12.188611,0, ,0.0,0.0,0.0,0.0,2,10000,0,0,0,0,0,0
TF,ROTUN,40.883333,12.305556,0, ,0.0,0.0,0.0,0.0,2,11000,0,0,0,0,0,0

SID,OST5X,SIP6C,6
IF,OST,41.803778,12.237528, ,0.0,0.0,2,5000,0,0,0,0,0,0
TF,SOSAK,41.620833,12.043889,0, ,0.0,0.0,0.0,0.0,0,0,0,0,0,0,0,1
DF,EKLOS,41.572500,12.300278,1, ,0.0,0.0,2,8000,0,0,0,0,0,0
TF,RF507,41.685061,12.439517,0, ,0.0,0.0,0.0,0.0,0,0,0,0,0,0,0,0
TF,RF514,41.668786,12.764075,0, ,0.0,0.0,0.0,0.0,2,12000,0,0,0,0,0,0
TF,FRS,41.642528,13.292361,0, ,0.0,0.0,0.0,0.0,0,0,0,0,0,0,0,0
TF,SIPRO,41.446019,13.680528,0, ,0.0,0.0,0.0,0.0,0,0,0,0,0,0,0,0

SID,OST5X,SIP7B,6
IF,OST,41.803778,12.237528, ,0.0,0.0,2,5000,0,0,0,0,0,0
TF,SOSAK,41.620833,12.043889,0, ,0.0,0.0,0.0,0.0,0,0,0,0,0,0,0,1
DF,EKLOS,41.572500,12.300278,1, ,0.0,0.0,2,6000,0,0,0,0,0,0
TF,RF512,41.645881,12.390986,0, ,0.0,0.0,0.0,0.0,2,8000,0,0,0,0,0,0
TF,RF507,41.685061,12.439517,0, ,0.0,0.0,0.0,0.0,0,0,0,0,0,0,0,0
TF,RF514,41.668786,12.764075,0, ,0.0,0.0,0.0,0.0,2,12000,0,0,0,0,0,0
TF,FRS,41.642528,13.292361,0, ,0.0,0.0,0.0,0.0,0,0,0,0,0,0,0,0
TF,SIPRO,41.446019,13.680528,0, ,0.0,0.0,0.0,0.0,0,0,0,0,0,0,0,0

SID,OST5X,SIP8A,6
IF,OST,41.803778,12.237528, ,0.0,0.0,2,5000,0,0,0,0,0,0
TF,XIBRI,41.557778,12.176944,0, ,0.0,0.0,0.0,0.0,0,0,0,0,0,0,0,1
DF,RF511,41.517308,12.409931,1, ,0.0,0.0,2,6000,0,0,0,0,0,0
TF,RF508,41.670514,12.504722,0, ,0.0,0.0,0.0,0.0,0,0,0,0,0,0,0,0
TF,RF514,41.668786,12.764075,0, ,0.0,0.0,0.0,0.0,2,12000,0,0,0,0,0,0
TF,FRS,41.642528,13.292361,0, ,0.0,0.0,0.0,0.0,0,0,0,0,0,0,0,0
TF,SIPRO,41.446019,13.680528,0, ,0.0,0.0,0.0,0.0,0,0,0,0,0,0,0,0

SID,OST5X,TIB5C,6
IF,OST,41.803778,12.237528, ,0.0,0.0,2,5000,0,0,0,0,0,0
TF,SOSAK,41.620833,12.043889,0, ,0.0,0.0,0.0,0.0,0,0,0,0,0,0,0,1
DF,EKLOS,41.572500,12.300278,1, ,0.0,0.0,2,8000,0,0,0,0,0,0
TF,ROM,41.804667,12.588000,0, ,0.0,0.0,0.0,0.0,0,0,0,0,0,0,0,0
TF,RF516,42.021311,12.593156,0, ,0.0,0.0,0.0,0.0,2,11000,0,0,0,0,0,0
TF,TIBER,42.248875,12.599000,0, ,0.0,0.0,0.0,0.0,0,0,0,0,0,0,0,0

SID,OST5X,TIB6B,6
IF,OST,41.803778,12.237528, ,0.0,0.0,2,5000,0,0,0,0,0,0
TF,SOSAK,41.620833,12.043889,0, ,0.0,0.0,0.0,0.0,0,0,0,0,0,0,0,1
DF,EKLOS,41.572500,12.300278,1, ,0.0,0.0,2,6000,0,0,0,0,0,0
TF,RF512,41.645881,12.390986,0, ,0.0,0.0,0.0,0.0,2,8000,0,0,0,0,0,0
TF,ROM,41.804667,12.588000,0, ,0.0,0.0,0.0,0.0,0,0,0,0,0,0,0,0
TF,RF516,42.021311,12.593156,0, ,0.0,0.0,0.0,0.0,2,11000,0,0,0,0,0,0
TF,TIBER,42.248875,12.599000,0, ,0.0,0.0,0.0,0.0,0,0,0,0,0,0,0,0

SID,OST5X,TIB7A,6
IF,OST,41.803778,12.237528, ,0.0,0.0,2,5000,0,0,0,0,0,0
TF,XIBRI,41.557778,12.176944,0, ,0.0,0.0,0.0,0.0,0,0,0,0,0,0,0,1
DF,RF511,41.517308,12.409931,1, ,0.0,0.0,2,6000,0,0,0,0,0,0
TF,ROM,41.804667,12.588000,0, ,0.0,0.0,0.0,0.0,0,0,0,0,0,0,0,0
TF,RF516,42.021311,12.593156,0, ,0.0,0.0,0.0,0.0,2,11000,0,0,0,0,0,0
TF,TIBER,42.248875,12.599000,0, ,0.0,0.0,0.0,0.0,0,0,0,0,0,0,0,0

SID,OST5Y,15,5
CA,0,151.0,2,1500,0,0,0,0,0,0
CF,RA508,41.806103,12.449153,2,OST,87.1,9.5,307.0,6.0,2,2000,0,1,210,0,0,0
TF,RA506,41.805567,12.393453,0, ,0.0,0.0,0.0,0.0,2,3000,0,0,0,0,0,0
TF,OST,41.803778,12.237528,0, ,0.0,0.0,0.0,0.0,2,5000,0,0,0,0,0,0

SID,OST5Y,ESI5H,6
IF,OST,41.803778,12.237528, ,0.0,0.0,2,5000,0,0,0,0,0,0
TF,SOSAK,41.620833,12.043889,0, ,0.0,0.0,0.0,0.0,0,0,0,0,0,0,0,0
TF,TORLI,41.596667,12.018333,0, ,0.0,0.0,0.0,0.0,0,0,0,0,0,0,0,0
TF,ESINO,41.384719,11.794722,0, ,0.0,0.0,0.0,0.0,2,10000,0,0,0,0,0,0

SID,OST5Y,KON6A,6
IF,OST,41.803778,12.237528, ,0.0,0.0,2,5000,0,0,0,0,0,0
TF,SOSAK,41.620833,12.043889,0, ,0.0,0.0,0.0,0.0,0,0,0,0,0,0,0,0
TF,TORLI,41.596667,12.018333,0, ,0.0,0.0,0.0,0.0,0,0,0,0,0,0,0,0
TF,KONUT,41.292778,12.016667,0, ,0.0,0.0,0.0,0.0,2,10000,0,0,0,0,0,0

SID,OST5Y,OKU5A,6
IF,OST,41.803778,12.237528, ,0.0,0.0,2,5000,0,0,0,0,0,0
TF,XIBRI,41.557778,12.176944,0, ,0.0,0.0,0.0,0.0,0,0,0,0,0,0,0,1
DF,RF511,41.517308,12.409931,1, ,0.0,0.0,2,6000,0,0,0,0,0,0
TF,ROM,41.804667,12.588000,0, ,0.0,0.0,0.0,0.0,0,0,0,0,0,0,0,0
TF,RF513,42.037856,12.807386,0, ,0.0,0.0,0.0,0.0,2,11000,0,0,0,0,0,0
TF,OKUNO,42.107222,12.972500,0, ,0.0,0.0,0.0,0.0,0,0,0,0,0,0,0,0

SID,OST5Y,OKU5C,6
IF,OST,41.803778,12.237528, ,0.0,0.0,2,5000,0,0,0,0,0,0
TF,SOSAK,41.620833,12.043889,0, ,0.0,0.0,0.0,0.0,0,0,0,0,0,0,0,1
DF,EKLOS,41.572500,12.300278,1, ,0.0,0.0,2,8000,0,0,0,0,0,0
TF,ROM,41.804667,12.588000,0, ,0.0,0.0,0.0,0.0,0,0,0,0,0,0,0,0
TF,RF513,42.037856,12.807386,0, ,0.0,0.0,0.0,0.0,2,11000,0,0,0,0,0,0
TF,OKUNO,42.107222,12.972500,0, ,0.0,0.0,0.0,0.0,0,0,0,0,0,0,0,0

SID,OST5Y,OKU6B,6
IF,OST,41.803778,12.237528, ,0.0,0.0,2,5000,0,0,0,0,0,0
TF,SOSAK,41.620833,12.043889,0, ,0.0,0.0,0.0,0.0,0,0,0,0,0,0,0,1
DF,EKLOS,41.572500,12.300278,1, ,0.0,0.0,2,6000,0,0,0,0,0,0
TF,RF512,41.645881,12.390986,0, ,0.0,0.0,0.0,0.0,2,8000,0,0,0,0,0,0
TF,ROM,41.804667,12.588000,0, ,0.0,0.0,0.0,0.0,0,0,0,0,0,0,0,0
TF,RF513,42.037856,12.807386,0, ,0.0,0.0,0.0,0.0,2,11000,0,0,0,0,0,0
TF,OKUNO,42.107222,12.972500,0, ,0.0,0.0,0.0,0.0,0,0,0,0,0,0,0,0

SID,OST5Y,PEP7A,6
IF,OST,41.803778,12.237528, ,0.0,0.0,2,5000,0,0,0,0,0,0
TF,XIBRI,41.557778,12.176944,0, ,0.0,0.0,0.0,0.0,0,0,0,0,0,0,0,0
TF,ELVIN,41.493889,12.161389,0, ,0.0,0.0,0.0,0.0,0,0,0,0,0,0,0,0
TF,RF506,41.321953,12.119581,0, ,0.0,0.0,0.0,0.0,0,0,0,0,0,0,0,0
TF,PEPIX,41.160000,12.188611,0, ,0.0,0.0,0.0,0.0,2,10000,0,0,0,0,0,0

SID,OST5Y,PEP7B,6
IF,OST,41.803778,12.237528, ,0.0,0.0,2,5000,0,0,0,0,0,0
TF,SOSAK,41.620833,12.043889,0, ,0.0,0.0,0.0,0.0,0,0,0,0,0,0,0,0
TF,TORLI,41.596667,12.018333,0, ,0.0,0.0,0.0,0.0,0,0,0,0,0,0,0,0
TF,KONUT,41.292778,12.016667,0, ,0.0,0.0,0.0,0.0,2,10000,0,0,0,0,0,0
TF,PEPIX,41.160000,12.188611,0, ,0.0,0.0,0.0,0.0,2,10000,0,0,0,0,0,0

SID,OST5Y,RIF7G,6
IF,OST,41.803778,12.237528, ,0.0,0.0,2,5000,0,0,0,0,0,0
TF,XIBRI,41.557778,12.176944,0, ,0.0,0.0,0.0,0.0,0,0,0,0,0,0,0,0
TF,ELVIN,41.493889,12.161389,0, ,0.0,0.0,0.0,0.0,0,0,0,0,0,0,0,0
TF,RIFFI,41.224444,12.532222,0, ,0.0,0.0,0.0,0.0,2,9000,0,0,0,0,0,0

SID,OST5Y,RIF7H,6
IF,OST,41.803778,12.237528, ,0.0,0.0,2,5000,0,0,0,0,0,0
TF,SOSAK,41.620833,12.043889,0, ,0.0,0.0,0.0,0.0,0,0,0,0,0,0,0,0
TF,TORLI,41.596667,12.018333,0, ,0.0,0.0,0.0,0.0,0,0,0,1,210,0,0,0
TF,RIFFI,41.224444,12.532222,0, ,0.0,0.0,0.0,0.0,2,9000,0,0,0,0,0,0

SID,OST5Y,ROT6A,6
IF,OST,41.803778,12.237528, ,0.0,0.0,2,5000,0,0,0,0,0,0
TF,XIBRI,41.557778,12.176944,0, ,0.0,0.0,0.0,0.0,0,0,0,0,0,0,0,0
TF,ELVIN,41.493889,12.161389,0, ,0.0,0.0,0.0,0.0,0,0,0,0,0,0,0,0
TF,RF506,41.321953,12.119581,0, ,0.0,0.0,0.0,0.0,0,0,0,0,0,0,0,0
TF,PEPIX,41.160000,12.188611,0, ,0.0,0.0,0.0,0.0,2,10000,0,0,0,0,0,0
TF,ROTUN,40.883333,12.305556,0, ,0.0,0.0,0.0,0.0,2,11000,0,0,0,0,0,0

SID,OST5Y,ROT6B,6
IF,OST,41.803778,12.237528, ,0.0,0.0,2,5000,0,0,0,0,0,0
TF,SOSAK,41.620833,12.043889,0, ,0.0,0.0,0.0,0.0,0,0,0,0,0,0,0,0
TF,TORLI,41.596667,12.018333,0, ,0.0,0.0,0.0,0.0,0,0,0,0,0,0,0,0
TF,KONUT,41.292778,12.016667,0, ,0.0,0.0,0.0,0.0,2,10000,0,0,0,0,0,0
TF,PEPIX,41.160000,12.188611,0, ,0.0,0.0,0.0,0.0,2,10000,0,0,0,0,0,0
TF,ROTUN,40.883333,12.305556,0, ,0.0,0.0,0.0,0.0,2,11000,0,0,0,0,0,0

SID,OST5Y,SIP6C,6
IF,OST,41.803778,12.237528, ,0.0,0.0,2,5000,0,0,0,0,0,0
TF,SOSAK,41.620833,12.043889,0, ,0.0,0.0,0.0,0.0,0,0,0,0,0,0,0,1
DF,EKLOS,41.572500,12.300278,1, ,0.0,0.0,2,8000,0,0,0,0,0,0
TF,RF507,41.685061,12.439517,0, ,0.0,0.0,0.0,0.0,0,0,0,0,0,0,0,0
TF,RF514,41.668786,12.764075,0, ,0.0,0.0,0.0,0.0,2,12000,0,0,0,0,0,0
TF,FRS,41.642528,13.292361,0, ,0.0,0.0,0.0,0.0,0,0,0,0,0,0,0,0
TF,SIPRO,41.446019,13.680528,0, ,0.0,0.0,0.0,0.0,0,0,0,0,0,0,0,0

SID,OST5Y,SIP7B,6
IF,OST,41.803778,12.237528, ,0.0,0.0,2,5000,0,0,0,0,0,0
TF,SOSAK,41.620833,12.043889,0, ,0.0,0.0,0.0,0.0,0,0,0,0,0,0,0,1
DF,EKLOS,41.572500,12.300278,1, ,0.0,0.0,2,6000,0,0,0,0,0,0
TF,RF512,41.645881,12.390986,0, ,0.0,0.0,0.0,0.0,2,8000,0,0,0,0,0,0
TF,RF507,41.685061,12.439517,0, ,0.0,0.0,0.0,0.0,0,0,0,0,0,0,0,0
TF,RF514,41.668786,12.764075,0, ,0.0,0.0,0.0,0.0,2,12000,0,0,0,0,0,0
TF,FRS,41.642528,13.292361,0, ,0.0,0.0,0.0,0.0,0,0,0,0,0,0,0,0
TF,SIPRO,41.446019,13.680528,0, ,0.0,0.0,0.0,0.0,0,0,0,0,0,0,0,0

SID,OST5Y,SIP8A,6
IF,OST,41.803778,12.237528, ,0.0,0.0,2,5000,0,0,0,0,0,0
TF,XIBRI,41.557778,12.176944,0, ,0.0,0.0,0.0,0.0,0,0,0,0,0,0,0,1
DF,RF511,41.517308,12.409931,1, ,0.0,0.0,2,6000,0,0,0,0,0,0
TF,RF508,41.670514,12.504722,0, ,0.0,0.0,0.0,0.0,0,0,0,0,0,0,0,0
TF,RF514,41.668786,12.764075,0, ,0.0,0.0,0.0,0.0,2,12000,0,0,0,0,0,0
TF,FRS,41.642528,13.292361,0, ,0.0,0.0,0.0,0.0,0,0,0,0,0,0,0,0
TF,SIPRO,41.446019,13.680528,0, ,0.0,0.0,0.0,0.0,0,0,0,0,0,0,0,0

SID,OST5Y,TIB5C,6
IF,OST,41.803778,12.237528, ,0.0,0.0,2,5000,0,0,0,0,0,0
TF,SOSAK,41.620833,12.043889,0, ,0.0,0.0,0.0,0.0,0,0,0,0,0,0,0,1
DF,EKLOS,41.572500,12.300278,1, ,0.0,0.0,2,8000,0,0,0,0,0,0
TF,ROM,41.804667,12.588000,0, ,0.0,0.0,0.0,0.0,0,0,0,0,0,0,0,0
TF,RF516,42.021311,12.593156,0, ,0.0,0.0,0.0,0.0,2,11000,0,0,0,0,0,0
TF,TIBER,42.248875,12.599000,0, ,0.0,0.0,0.0,0.0,0,0,0,0,0,0,0,0

SID,OST5Y,TIB6B,6
IF,OST,41.803778,12.237528, ,0.0,0.0,2,5000,0,0,0,0,0,0
TF,SOSAK,41.620833,12.043889,0, ,0.0,0.0,0.0,0.0,0,0,0,0,0,0,0,1
DF,EKLOS,41.572500,12.300278,1, ,0.0,0.0,2,6000,0,0,0,0,0,0
TF,RF512,41.645881,12.390986,0, ,0.0,0.0,0.0,0.0,2,8000,0,0,0,0,0,0
TF,ROM,41.804667,12.588000,0, ,0.0,0.0,0.0,0.0,0,0,0,0,0,0,0,0
TF,RF516,42.021311,12.593156,0, ,0.0,0.0,0.0,0.0,2,11000,0,0,0,0,0,0
TF,TIBER,42.248875,12.599000,0, ,0.0,0.0,0.0,0.0,0,0,0,0,0,0,0,0

SID,OST5Y,TIB7A,6
IF,OST,41.803778,12.237528, ,0.0,0.0,2,5000,0,0,0,0,0,0
TF,XIBRI,41.557778,12.176944,0, ,0.0,0.0,0.0,0.0,0,0,0,0,0,0,0,1
DF,RF511,41.517308,12.409931,1, ,0.0,0.0,2,6000,0,0,0,0,0,0
TF,ROM,41.804667,12.588000,0, ,0.0,0.0,0.0,0.0,0,0,0,0,0,0,0,0
TF,RF516,42.021311,12.593156,0, ,0.0,0.0,0.0,0.0,2,11000,0,0,0,0,0,0
TF,TIBER,42.248875,12.599000,0, ,0.0,0.0,0.0,0.0,0,0,0,0,0,0,0,0

SID,OST5Z,15,5
CA,0,151.0,2,1500,0,0,0,0,0,0
CF,RA507,41.766742,12.408650,2,OST,103.5,8.0,284.0,7.0,2,3000,0,1,210,0,0,0
TF,OST,41.803778,12.237528,0, ,0.0,0.0,0.0,0.0,2,5000,0,0,0,0,0,0

SID,OST5Z,ESI5H,6
IF,OST,41.803778,12.237528, ,0.0,0.0,2,5000,0,0,0,0,0,0
TF,SOSAK,41.620833,12.043889,0, ,0.0,0.0,0.0,0.0,0,0,0,0,0,0,0,0
TF,TORLI,41.596667,12.018333,0, ,0.0,0.0,0.0,0.0,0,0,0,0,0,0,0,0
TF,ESINO,41.384719,11.794722,0, ,0.0,0.0,0.0,0.0,2,10000,0,0,0,0,0,0

SID,OST5Z,KON6A,6
IF,OST,41.803778,12.237528, ,0.0,0.0,2,5000,0,0,0,0,0,0
TF,SOSAK,41.620833,12.043889,0, ,0.0,0.0,0.0,0.0,0,0,0,0,0,0,0,0
TF,TORLI,41.596667,12.018333,0, ,0.0,0.0,0.0,0.0,0,0,0,0,0,0,0,0
TF,KONUT,41.292778,12.016667,0, ,0.0,0.0,0.0,0.0,2,10000,0,0,0,0,0,0

SID,OST5Z,OKU5A,6
IF,OST,41.803778,12.237528, ,0.0,0.0,2,5000,0,0,0,0,0,0
TF,XIBRI,41.557778,12.176944,0, ,0.0,0.0,0.0,0.0,0,0,0,0,0,0,0,1
DF,RF511,41.517308,12.409931,1, ,0.0,0.0,2,6000,0,0,0,0,0,0
TF,ROM,41.804667,12.588000,0, ,0.0,0.0,0.0,0.0,0,0,0,0,0,0,0,0
TF,RF513,42.037856,12.807386,0, ,0.0,0.0,0.0,0.0,2,11000,0,0,0,0,0,0
TF,OKUNO,42.107222,12.972500,0, ,0.0,0.0,0.0,0.0,0,0,0,0,0,0,0,0

SID,OST5Z,OKU5C,6
IF,OST,41.803778,12.237528, ,0.0,0.0,2,5000,0,0,0,0,0,0
TF,SOSAK,41.620833,12.043889,0, ,0.0,0.0,0.0,0.0,0,0,0,0,0,0,0,1
DF,EKLOS,41.572500,12.300278,1, ,0.0,0.0,2,8000,0,0,0,0,0,0
TF,ROM,41.804667,12.588000,0, ,0.0,0.0,0.0,0.0,0,0,0,0,0,0,0,0
TF,RF513,42.037856,12.807386,0, ,0.0,0.0,0.0,0.0,2,11000,0,0,0,0,0,0
TF,OKUNO,42.107222,12.972500,0, ,0.0,0.0,0.0,0.0,0,0,0,0,0,0,0,0

SID,OST5Z,OKU6B,6
IF,OST,41.803778,12.237528, ,0.0,0.0,2,5000,0,0,0,0,0,0
TF,SOSAK,41.620833,12.043889,0, ,0.0,0.0,0.0,0.0,0,0,0,0,0,0,0,1
DF,EKLOS,41.572500,12.300278,1, ,0.0,0.0,2,6000,0,0,0,0,0,0
TF,RF512,41.645881,12.390986,0, ,0.0,0.0,0.0,0.0,2,8000,0,0,0,0,0,0
TF,ROM,41.804667,12.588000,0, ,0.0,0.0,0.0,0.0,0,0,0,0,0,0,0,0
TF,RF513,42.037856,12.807386,0, ,0.0,0.0,0.0,0.0,2,11000,0,0,0,0,0,0
TF,OKUNO,42.107222,12.972500,0, ,0.0,0.0,0.0,0.0,0,0,0,0,0,0,0,0

SID,OST5Z,PEP7A,6
IF,OST,41.803778,12.237528, ,0.0,0.0,2,5000,0,0,0,0,0,0
TF,XIBRI,41.557778,12.176944,0, ,0.0,0.0,0.0,0.0,0,0,0,0,0,0,0,0
TF,ELVIN,41.493889,12.161389,0, ,0.0,0.0,0.0,0.0,0,0,0,0,0,0,0,0
TF,RF506,41.321953,12.119581,0, ,0.0,0.0,0.0,0.0,0,0,0,0,0,0,0,0
TF,PEPIX,41.160000,12.188611,0, ,0.0,0.0,0.0,0.0,2,10000,0,0,0,0,0,0

SID,OST5Z,PEP7B,6
IF,OST,41.803778,12.237528, ,0.0,0.0,2,5000,0,0,0,0,0,0
TF,SOSAK,41.620833,12.043889,0, ,0.0,0.0,0.0,0.0,0,0,0,0,0,0,0,0
TF,TORLI,41.596667,12.018333,0, ,0.0,0.0,0.0,0.0,0,0,0,0,0,0,0,0
TF,KONUT,41.292778,12.016667,0, ,0.0,0.0,0.0,0.0,2,10000,0,0,0,0,0,0
TF,PEPIX,41.160000,12.188611,0, ,0.0,0.0,0.0,0.0,2,10000,0,0,0,0,0,0

SID,OST5Z,RIF7G,6
IF,OST,41.803778,12.237528, ,0.0,0.0,2,5000,0,0,0,0,0,0
TF,XIBRI,41.557778,12.176944,0, ,0.0,0.0,0.0,0.0,0,0,0,0,0,0,0,0
TF,ELVIN,41.493889,12.161389,0, ,0.0,0.0,0.0,0.0,0,0,0,0,0,0,0,0
TF,RIFFI,41.224444,12.532222,0, ,0.0,0.0,0.0,0.0,2,9000,0,0,0,0,0,0

SID,OST5Z,RIF7H,6
IF,OST,41.803778,12.237528, ,0.0,0.0,2,5000,0,0,0,0,0,0
TF,SOSAK,41.620833,12.043889,0, ,0.0,0.0,0.0,0.0,0,0,0,0,0,0,0,0
TF,TORLI,41.596667,12.018333,0, ,0.0,0.0,0.0,0.0,0,0,0,1,210,0,0,0
TF,RIFFI,41.224444,12.532222,0, ,0.0,0.0,0.0,0.0,2,9000,0,0,0,0,0,0

SID,OST5Z,ROT6A,6
IF,OST,41.803778,12.237528, ,0.0,0.0,2,5000,0,0,0,0,0,0
TF,XIBRI,41.557778,12.176944,0, ,0.0,0.0,0.0,0.0,0,0,0,0,0,0,0,0
TF,ELVIN,41.493889,12.161389,0, ,0.0,0.0,0.0,0.0,0,0,0,0,0,0,0,0
TF,RF506,41.321953,12.119581,0, ,0.0,0.0,0.0,0.0,0,0,0,0,0,0,0,0
TF,PEPIX,41.160000,12.188611,0, ,0.0,0.0,0.0,0.0,2,10000,0,0,0,0,0,0
TF,ROTUN,40.883333,12.305556,0, ,0.0,0.0,0.0,0.0,2,11000,0,0,0,0,0,0

SID,OST5Z,ROT6B,6
IF,OST,41.803778,12.237528, ,0.0,0.0,2,5000,0,0,0,0,0,0
TF,SOSAK,41.620833,12.043889,0, ,0.0,0.0,0.0,0.0,0,0,0,0,0,0,0,0
TF,TORLI,41.596667,12.018333,0, ,0.0,0.0,0.0,0.0,0,0,0,0,0,0,0,0
TF,KONUT,41.292778,12.016667,0, ,0.0,0.0,0.0,0.0,2,10000,0,0,0,0,0,0
TF,PEPIX,41.160000,12.188611,0, ,0.0,0.0,0.0,0.0,2,10000,0,0,0,0,0,0
TF,ROTUN,40.883333,12.305556,0, ,0.0,0.0,0.0,0.0,2,11000,0,0,0,0,0,0

SID,OST5Z,SIP6C,6
IF,OST,41.803778,12.237528, ,0.0,0.0,2,5000,0,0,0,0,0,0
TF,SOSAK,41.620833,12.043889,0, ,0.0,0.0,0.0,0.0,0,0,0,0,0,0,0,1
DF,EKLOS,41.572500,12.300278,1, ,0.0,0.0,2,8000,0,0,0,0,0,0
TF,RF507,41.685061,12.439517,0, ,0.0,0.0,0.0,0.0,0,0,0,0,0,0,0,0
TF,RF514,41.668786,12.764075,0, ,0.0,0.0,0.0,0.0,2,12000,0,0,0,0,0,0
TF,FRS,41.642528,13.292361,0, ,0.0,0.0,0.0,0.0,0,0,0,0,0,0,0,0
TF,SIPRO,41.446019,13.680528,0, ,0.0,0.0,0.0,0.0,0,0,0,0,0,0,0,0

SID,OST5Z,SIP7B,6
IF,OST,41.803778,12.237528, ,0.0,0.0,2,5000,0,0,0,0,0,0
TF,SOSAK,41.620833,12.043889,0, ,0.0,0.0,0.0,0.0,0,0,0,0,0,0,0,1
DF,EKLOS,41.572500,12.300278,1, ,0.0,0.0,2,6000,0,0,0,0,0,0
TF,RF512,41.645881,12.390986,0, ,0.0,0.0,0.0,0.0,2,8000,0,0,0,0,0,0
TF,RF507,41.685061,12.439517,0, ,0.0,0.0,0.0,0.0,0,0,0,0,0,0,0,0
TF,RF514,41.668786,12.764075,0, ,0.0,0.0,0.0,0.0,2,12000,0,0,0,0,0,0
TF,FRS,41.642528,13.292361,0, ,0.0,0.0,0.0,0.0,0,0,0,0,0,0,0,0
TF,SIPRO,41.446019,13.680528,0, ,0.0,0.0,0.0,0.0,0,0,0,0,0,0,0,0

SID,OST5Z,SIP8A,6
IF,OST,41.803778,12.237528, ,0.0,0.0,2,5000,0,0,0,0,0,0
TF,XIBRI,41.557778,12.176944,0, ,0.0,0.0,0.0,0.0,0,0,0,0,0,0,0,1
DF,RF511,41.517308,12.409931,1, ,0.0,0.0,2,6000,0,0,0,0,0,0
TF,RF508,41.670514,12.504722,0, ,0.0,0.0,0.0,0.0,0,0,0,0,0,0,0,0
TF,RF514,41.668786,12.764075,0, ,0.0,0.0,0.0,0.0,2,12000,0,0,0,0,0,0
TF,FRS,41.642528,13.292361,0, ,0.0,0.0,0.0,0.0,0,0,0,0,0,0,0,0
TF,SIPRO,41.446019,13.680528,0, ,0.0,0.0,0.0,0.0,0,0,0,0,0,0,0,0

SID,OST5Z,TIB5C,6
IF,OST,41.803778,12.237528, ,0.0,0.0,2,5000,0,0,0,0,0,0
TF,SOSAK,41.620833,12.043889,0, ,0.0,0.0,0.0,0.0,0,0,0,0,0,0,0,1
DF,EKLOS,41.572500,12.300278,1, ,0.0,0.0,2,8000,0,0,0,0,0,0
TF,ROM,41.804667,12.588000,0, ,0.0,0.0,0.0,0.0,0,0,0,0,0,0,0,0
TF,RF516,42.021311,12.593156,0, ,0.0,0.0,0.0,0.0,2,11000,0,0,0,0,0,0
TF,TIBER,42.248875,12.599000,0, ,0.0,0.0,0.0,0.0,0,0,0,0,0,0,0,0

SID,OST5Z,TIB6B,6
IF,OST,41.803778,12.237528, ,0.0,0.0,2,5000,0,0,0,0,0,0
TF,SOSAK,41.620833,12.043889,0, ,0.0,0.0,0.0,0.0,0,0,0,0,0,0,0,1
DF,EKLOS,41.572500,12.300278,1, ,0.0,0.0,2,6000,0,0,0,0,0,0
TF,RF512,41.645881,12.390986,0, ,0.0,0.0,0.0,0.0,2,8000,0,0,0,0,0,0
TF,ROM,41.804667,12.588000,0, ,0.0,0.0,0.0,0.0,0,0,0,0,0,0,0,0
TF,RF516,42.021311,12.593156,0, ,0.0,0.0,0.0,0.0,2,11000,0,0,0,0,0,0
TF,TIBER,42.248875,12.599000,0, ,0.0,0.0,0.0,0.0,0,0,0,0,0,0,0,0

SID,OST5Z,TIB7A,6
IF,OST,41.803778,12.237528, ,0.0,0.0,2,5000,0,0,0,0,0,0
TF,XIBRI,41.557778,12.176944,0, ,0.0,0.0,0.0,0.0,0,0,0,0,0,0,0,1
DF,RF511,41.517308,12.409931,1, ,0.0,0.0,2,6000,0,0,0,0,0,0
TF,ROM,41.804667,12.588000,0, ,0.0,0.0,0.0,0.0,0,0,0,0,0,0,0,0
TF,RF516,42.021311,12.593156,0, ,0.0,0.0,0.0,0.0,2,11000,0,0,0,0,0,0
TF,TIBER,42.248875,12.599000,0, ,0.0,0.0,0.0,0.0,0,0,0,0,0,0,0,0

SID,OST8E,33,2
CD, ,0,0,0,ROM,0,0.0,330.0,4.0,2,2000,0,1,210,0,0,0
CF,D064L,41.885886,12.481542,0,OST,63.7,12.0,244.0,2.0,2,3000,0,0,0,0,0,0
TF,AKILI,41.830556,12.319444,0, ,0.0,0.0,0.0,0.0,2,4000,0,0,0,0,0,0
TF,OST,41.803778,12.237528,0, ,0.0,0.0,0.0,0.0,2,5000,0,0,0,0,0,0

SID,OST8E,ESI5H,3
IF,OST,41.803778,12.237528, ,0.0,0.0,2,5000,0,0,0,0,0,0
TF,SOSAK,41.620833,12.043889,0, ,0.0,0.0,0.0,0.0,0,0,0,0,0,0,0,0
TF,TORLI,41.596667,12.018333,0, ,0.0,0.0,0.0,0.0,0,0,0,0,0,0,0,0
TF,ESINO,41.384719,11.794722,0, ,0.0,0.0,0.0,0.0,2,10000,0,0,0,0,0,0

SID,OST8E,KON6A,3
IF,OST,41.803778,12.237528, ,0.0,0.0,2,5000,0,0,0,0,0,0
TF,SOSAK,41.620833,12.043889,0, ,0.0,0.0,0.0,0.0,0,0,0,0,0,0,0,0
TF,TORLI,41.596667,12.018333,0, ,0.0,0.0,0.0,0.0,0,0,0,0,0,0,0,0
TF,KONUT,41.292778,12.016667,0, ,0.0,0.0,0.0,0.0,2,10000,0,0,0,0,0,0

SID,OST8E,OKU5A,3
IF,OST,41.803778,12.237528, ,0.0,0.0,2,5000,0,0,0,0,0,0
TF,XIBRI,41.557778,12.176944,0, ,0.0,0.0,0.0,0.0,0,0,0,0,0,0,0,1
DF,RF511,41.517308,12.409931,1, ,0.0,0.0,2,6000,0,0,0,0,0,0
TF,ROM,41.804667,12.588000,0, ,0.0,0.0,0.0,0.0,0,0,0,0,0,0,0,0
TF,RF513,42.037856,12.807386,0, ,0.0,0.0,0.0,0.0,2,11000,0,0,0,0,0,0
TF,OKUNO,42.107222,12.972500,0, ,0.0,0.0,0.0,0.0,0,0,0,0,0,0,0,0

SID,OST8E,OKU5C,3
IF,OST,41.803778,12.237528, ,0.0,0.0,2,5000,0,0,0,0,0,0
TF,SOSAK,41.620833,12.043889,0, ,0.0,0.0,0.0,0.0,0,0,0,0,0,0,0,1
DF,EKLOS,41.572500,12.300278,1, ,0.0,0.0,2,8000,0,0,0,0,0,0
TF,ROM,41.804667,12.588000,0, ,0.0,0.0,0.0,0.0,0,0,0,0,0,0,0,0
TF,RF513,42.037856,12.807386,0, ,0.0,0.0,0.0,0.0,2,11000,0,0,0,0,0,0
TF,OKUNO,42.107222,12.972500,0, ,0.0,0.0,0.0,0.0,0,0,0,0,0,0,0,0

SID,OST8E,OKU6B,3
IF,OST,41.803778,12.237528, ,0.0,0.0,2,5000,0,0,0,0,0,0
TF,SOSAK,41.620833,12.043889,0, ,0.0,0.0,0.0,0.0,0,0,0,0,0,0,0,1
DF,EKLOS,41.572500,12.300278,1, ,0.0,0.0,2,6000,0,0,0,0,0,0
TF,RF512,41.645881,12.390986,0, ,0.0,0.0,0.0,0.0,2,8000,0,0,0,0,0,0
TF,ROM,41.804667,12.588000,0, ,0.0,0.0,0.0,0.0,0,0,0,0,0,0,0,0
TF,RF513,42.037856,12.807386,0, ,0.0,0.0,0.0,0.0,2,11000,0,0,0,0,0,0
TF,OKUNO,42.107222,12.972500,0, ,0.0,0.0,0.0,0.0,0,0,0,0,0,0,0,0

SID,OST8E,PEP7A,3
IF,OST,41.803778,12.237528, ,0.0,0.0,2,5000,0,0,0,0,0,0
TF,XIBRI,41.557778,12.176944,0, ,0.0,0.0,0.0,0.0,0,0,0,0,0,0,0,0
TF,ELVIN,41.493889,12.161389,0, ,0.0,0.0,0.0,0.0,0,0,0,0,0,0,0,0
TF,RF506,41.321953,12.119581,0, ,0.0,0.0,0.0,0.0,0,0,0,0,0,0,0,0
TF,PEPIX,41.160000,12.188611,0, ,0.0,0.0,0.0,0.0,2,10000,0,0,0,0,0,0

SID,OST8E,PEP7B,3
IF,OST,41.803778,12.237528, ,0.0,0.0,2,5000,0,0,0,0,0,0
TF,SOSAK,41.620833,12.043889,0, ,0.0,0.0,0.0,0.0,0,0,0,0,0,0,0,0
TF,TORLI,41.596667,12.018333,0, ,0.0,0.0,0.0,0.0,0,0,0,0,0,0,0,0
TF,KONUT,41.292778,12.016667,0, ,0.0,0.0,0.0,0.0,2,10000,0,0,0,0,0,0
TF,PEPIX,41.160000,12.188611,0, ,0.0,0.0,0.0,0.0,2,10000,0,0,0,0,0,0

SID,OST8E,RIF7G,3
IF,OST,41.803778,12.237528, ,0.0,0.0,2,5000,0,0,0,0,0,0
TF,XIBRI,41.557778,12.176944,0, ,0.0,0.0,0.0,0.0,0,0,0,0,0,0,0,0
TF,ELVIN,41.493889,12.161389,0, ,0.0,0.0,0.0,0.0,0,0,0,0,0,0,0,0
TF,RIFFI,41.224444,12.532222,0, ,0.0,0.0,0.0,0.0,2,9000,0,0,0,0,0,0

SID,OST8E,RIF7H,3
IF,OST,41.803778,12.237528, ,0.0,0.0,2,5000,0,0,0,0,0,0
TF,SOSAK,41.620833,12.043889,0, ,0.0,0.0,0.0,0.0,0,0,0,0,0,0,0,0
TF,TORLI,41.596667,12.018333,0, ,0.0,0.0,0.0,0.0,0,0,0,1,210,0,0,0
TF,RIFFI,41.224444,12.532222,0, ,0.0,0.0,0.0,0.0,2,9000,0,0,0,0,0,0

SID,OST8E,ROT6A,3
IF,OST,41.803778,12.237528, ,0.0,0.0,2,5000,0,0,0,0,0,0
TF,XIBRI,41.557778,12.176944,0, ,0.0,0.0,0.0,0.0,0,0,0,0,0,0,0,0
TF,ELVIN,41.493889,12.161389,0, ,0.0,0.0,0.0,0.0,0,0,0,0,0,0,0,0
TF,RF506,41.321953,12.119581,0, ,0.0,0.0,0.0,0.0,0,0,0,0,0,0,0,0
TF,PEPIX,41.160000,12.188611,0, ,0.0,0.0,0.0,0.0,2,10000,0,0,0,0,0,0
TF,ROTUN,40.883333,12.305556,0, ,0.0,0.0,0.0,0.0,2,11000,0,0,0,0,0,0

SID,OST8E,ROT6B,3
IF,OST,41.803778,12.237528, ,0.0,0.0,2,5000,0,0,0,0,0,0
TF,SOSAK,41.620833,12.043889,0, ,0.0,0.0,0.0,0.0,0,0,0,0,0,0,0,0
TF,TORLI,41.596667,12.018333,0, ,0.0,0.0,0.0,0.0,0,0,0,0,0,0,0,0
TF,KONUT,41.292778,12.016667,0, ,0.0,0.0,0.0,0.0,2,10000,0,0,0,0,0,0
TF,PEPIX,41.160000,12.188611,0, ,0.0,0.0,0.0,0.0,2,10000,0,0,0,0,0,0
TF,ROTUN,40.883333,12.305556,0, ,0.0,0.0,0.0,0.0,2,11000,0,0,0,0,0,0

SID,OST8E,SIP6C,3
IF,OST,41.803778,12.237528, ,0.0,0.0,2,5000,0,0,0,0,0,0
TF,SOSAK,41.620833,12.043889,0, ,0.0,0.0,0.0,0.0,0,0,0,0,0,0,0,1
DF,EKLOS,41.572500,12.300278,1, ,0.0,0.0,2,8000,0,0,0,0,0,0
TF,RF507,41.685061,12.439517,0, ,0.0,0.0,0.0,0.0,0,0,0,0,0,0,0,0
TF,RF514,41.668786,12.764075,0, ,0.0,0.0,0.0,0.0,2,12000,0,0,0,0,0,0
TF,FRS,41.642528,13.292361,0, ,0.0,0.0,0.0,0.0,0,0,0,0,0,0,0,0
TF,SIPRO,41.446019,13.680528,0, ,0.0,0.0,0.0,0.0,0,0,0,0,0,0,0,0

SID,OST8E,SIP7B,3
IF,OST,41.803778,12.237528, ,0.0,0.0,2,5000,0,0,0,0,0,0
TF,SOSAK,41.620833,12.043889,0, ,0.0,0.0,0.0,0.0,0,0,0,0,0,0,0,1
DF,EKLOS,41.572500,12.300278,1, ,0.0,0.0,2,6000,0,0,0,0,0,0
TF,RF512,41.645881,12.390986,0, ,0.0,0.0,0.0,0.0,2,8000,0,0,0,0,0,0
TF,RF507,41.685061,12.439517,0, ,0.0,0.0,0.0,0.0,0,0,0,0,0,0,0,0
TF,RF514,41.668786,12.764075,0, ,0.0,0.0,0.0,0.0,2,12000,0,0,0,0,0,0
TF,FRS,41.642528,13.292361,0, ,0.0,0.0,0.0,0.0,0,0,0,0,0,0,0,0
TF,SIPRO,41.446019,13.680528,0, ,0.0,0.0,0.0,0.0,0,0,0,0,0,0,0,0

SID,OST8E,SIP8A,3
IF,OST,41.803778,12.237528, ,0.0,0.0,2,5000,0,0,0,0,0,0
TF,XIBRI,41.557778,12.176944,0, ,0.0,0.0,0.0,0.0,0,0,0,0,0,0,0,1
DF,RF511,41.517308,12.409931,1, ,0.0,0.0,2,6000,0,0,0,0,0,0
TF,RF508,41.670514,12.504722,0, ,0.0,0.0,0.0,0.0,0,0,0,0,0,0,0,0
TF,RF514,41.668786,12.764075,0, ,0.0,0.0,0.0,0.0,2,12000,0,0,0,0,0,0
TF,FRS,41.642528,13.292361,0, ,0.0,0.0,0.0,0.0,0,0,0,0,0,0,0,0
TF,SIPRO,41.446019,13.680528,0, ,0.0,0.0,0.0,0.0,0,0,0,0,0,0,0,0

SID,OST8E,TIB5C,3
IF,OST,41.803778,12.237528, ,0.0,0.0,2,5000,0,0,0,0,0,0
TF,SOSAK,41.620833,12.043889,0, ,0.0,0.0,0.0,0.0,0,0,0,0,0,0,0,1
DF,EKLOS,41.572500,12.300278,1, ,0.0,0.0,2,8000,0,0,0,0,0,0
TF,ROM,41.804667,12.588000,0, ,0.0,0.0,0.0,0.0,0,0,0,0,0,0,0,0
TF,RF516,42.021311,12.593156,0, ,0.0,0.0,0.0,0.0,2,11000,0,0,0,0,0,0
TF,TIBER,42.248875,12.599000,0, ,0.0,0.0,0.0,0.0,0,0,0,0,0,0,0,0

SID,OST8E,TIB6B,3
IF,OST,41.803778,12.237528, ,0.0,0.0,2,5000,0,0,0,0,0,0
TF,SOSAK,41.620833,12.043889,0, ,0.0,0.0,0.0,0.0,0,0,0,0,0,0,0,1
DF,EKLOS,41.572500,12.300278,1, ,0.0,0.0,2,6000,0,0,0,0,0,0
TF,RF512,41.645881,12.390986,0, ,0.0,0.0,0.0,0.0,2,8000,0,0,0,0,0,0
TF,ROM,41.804667,12.588000,0, ,0.0,0.0,0.0,0.0,0,0,0,0,0,0,0,0
TF,RF516,42.021311,12.593156,0, ,0.0,0.0,0.0,0.0,2,11000,0,0,0,0,0,0
TF,TIBER,42.248875,12.599000,0, ,0.0,0.0,0.0,0.0,0,0,0,0,0,0,0,0

SID,OST8E,TIB7A,3
IF,OST,41.803778,12.237528, ,0.0,0.0,2,5000,0,0,0,0,0,0
TF,XIBRI,41.557778,12.176944,0, ,0.0,0.0,0.0,0.0,0,0,0,0,0,0,0,1
DF,RF511,41.517308,12.409931,1, ,0.0,0.0,2,6000,0,0,0,0,0,0
TF,ROM,41.804667,12.588000,0, ,0.0,0.0,0.0,0.0,0,0,0,0,0,0,0,0
TF,RF516,42.021311,12.593156,0, ,0.0,0.0,0.0,0.0,2,11000,0,0,0,0,0,0
TF,TIBER,42.248875,12.599000,0, ,0.0,0.0,0.0,0.0,0,0,0,0,0,0,0,0

SID,PEMA5Z,15,5
CA,0,151.0,2,1500,0,0,0,0,0,0
VI,2, ,0.0,247.0,0,0,0,0,0,0,0,0
CF,RATIR,41.681667,12.449167,0,ROM,218.3,9.7,217.0,2.0,2,3000,0,1,210,0,0,1
DF,RA501,41.693889,12.637417,1, ,0.0,0.0,2,5000,0,1,240,0,0,0
TF,RA502,41.707811,12.830561,0, ,0.0,0.0,0.0,0.0,1,8000,0,0,0,0,0,0
TF,PEMAR,42.029725,12.919444,0, ,0.0,0.0,0.0,0.0,2,11000,0,0,0,0,0,0

SID,RATI5Z,15,5
CA,0,151.0,2,1500,0,0,0,0,0,0
VI,2, ,0.0,247.0,0,0,0,0,0,0,0,0
CF,RATIR,41.681667,12.449167,0,ROM,218.3,9.7,217.0,2.0,0,0,0,1,210,0,0,0

SID,RATI8C,33,2
CA,0,330.0,2,830,0,0,0,0,0,0
CF,D330D,41.863464,12.546194,0,ROM,330.0,4.0,330.0,3.0,2,2000,0,1,210,0,0,1
DF,D185F,41.847297,12.474875,1, ,0.0,0.0,1,3000,0,0,0,0,0,0
TF,D185J,41.776714,12.463903,0, ,0.0,0.0,0.0,0.0,1,3000,0,0,0,0,0,0
TF,RATIR,41.681667,12.449167,0, ,0.0,0.0,0.0,0.0,0,0,0,0,0,0,0,0

SID,URB5Z,15,5
CA,0,151.0,2,1500,0,0,0,0,0,0
CF,RA504,41.806694,12.510058,2,OST,87.1,12.2,341.0,4.0,2,2000,0,1,210,0,0,0
TF,RA503,41.852494,12.491736,0, ,0.0,0.0,0.0,0.0,1,3000,0,0,0,0,0,0
TF,URB,41.944694,12.490056,0, ,0.0,0.0,0.0,0.0,1,3000,0,0,0,0,0,0

SID,URB8C,33,2
CA,0,330.0,2,830,0,0,0,0,0,0
CF,D330D,41.863464,12.546194,0,ROM,330.0,4.0,330.0,3.0,2,2000,0,0,0,0,0,0
TF,URB,41.944694,12.490056,0, ,0.0,0.0,0.0,0.0,1,3000,0,0,0,0,0,0

STAR,ALAX2F,ALL,5
IF,ALAXI,41.734756,13.347667, ,0.0,0.0,0,0,0,1,250,0,0,0
TF,PEMAR,42.029725,12.919444,0, ,0.0,0.0,0.0,0.0,0,0,0,1,230,0,0,0
TF,RA404,42.066192,12.712708,0, ,0.0,0.0,0.0,0.0,0,0,0,0,0,0,0,0
TF,RA406,42.098969,12.524800,0, ,0.0,0.0,0.0,0.0,0,0,0,1,210,0,0,0
TF,RA407,41.983125,12.467700,0, ,0.0,0.0,0.0,0.0,0,0,0,1,210,0,0,0
TF,URB,41.944694,12.490056,0, ,0.0,0.0,0.0,0.0,0,0,0,1,210,0,0,0

STAR,ALAX3G,ALL,5
IF,ALAXI,41.734756,13.347667, ,0.0,0.0,0,0,0,1,250,0,0,0
TF,RA413,41.956869,13.025811,0, ,0.0,0.0,0.0,0.0,0,0,0,1,230,0,0,0
TF,RA414,41.881331,12.807822,0, ,0.0,0.0,0.0,0.0,0,0,0,1,230,0,0,0
TF,ROM,41.804667,12.588000,0, ,0.0,0.0,0.0,0.0,0,0,0,1,210,0,0,0

STAR,ELKA2F,ALL,5
IF,ELKAP,42.721053,10.644111, ,0.0,0.0,0,0,0,1,270,0,0,0
TF,BIBEK,42.440978,11.251514,0, ,0.0,0.0,0.0,0.0,0,0,0,1,250,0,0,0
TF,RA411,42.219197,12.046614,0, ,0.0,0.0,0.0,0.0,0,0,0,0,0,0,0,0
TF,CMP,42.123833,12.381528,0, ,0.0,0.0,0.0,0.0,0,0,0,1,230,0,0,0

STAR,ESIN2F,ALL,5
IF,ESINO,41.384719,11.794722, ,0.0,0.0,0,0,0,1,270,0,0,0
TF,TORLI,41.596667,12.018333,0, ,0.0,0.0,0.0,0.0,0,0,0,1,250,0,0,0
TF,OST,41.803778,12.237528,0, ,0.0,0.0,0.0,0.0,0,0,0,1,230,0,0,0
TF,RA409,42.029358,12.338808,0, ,0.0,0.0,0.0,0.0,0,0,0,1,210,0,0,0
TF,RA408,42.026728,12.437375,0, ,0.0,0.0,0.0,0.0,0,0,0,1,210,0,0,0
TF,RA407,41.983125,12.467700,0, ,0.0,0.0,0.0,0.0,0,0,0,1,210,0,0,0
TF,URB,41.944694,12.490056,0, ,0.0,0.0,0.0,0.0,0,0,0,1,210,0,0,0

STAR,ESIN3G,ALL,5
IF,ESINO,41.384719,11.794722, ,0.0,0.0,0,0,0,1,270,0,0,0
TF,TORLI,41.596667,12.018333,0, ,0.0,0.0,0.0,0.0,0,0,0,1,250,0,0,0
TF,OST,41.803778,12.237528,0, ,0.0,0.0,0.0,0.0,0,0,0,1,230,0,0,0
TF,RA409,42.029358,12.338808,0, ,0.0,0.0,0.0,0.0,0,0,0,1,210,0,0,0
TF,RA412,42.026531,12.444642,0, ,0.0,0.0,0.0,0.0,0,0,0,1,210,0,0,0
TF,ROM,41.804667,12.588000,0, ,0.0,0.0,0.0,0.0,0,0,0,1,210,0,0,0

STAR,GITO1G,ALL,5
IF,GITOD,42.800347,12.310700, ,0.0,0.0,0,0,0,1,250,0,0,0
TF,RA421,42.396900,12.631278,0, ,0.0,0.0,0.0,0.0,0,0,0,0,0,0,0,0
TF,TIBER,42.248875,12.599000,0, ,0.0,0.0,0.0,0.0,0,0,0,1,230,0,0,0
TF,CMP,42.123833,12.381528,0, ,0.0,0.0,0.0,0.0,0,0,0,1,230,0,0,0
TF,RA412,42.026531,12.444642,0, ,0.0,0.0,0.0,0.0,0,0,0,1,210,0,0,0
TF,ROM,41.804667,12.588000,0, ,0.0,0.0,0.0,0.0,0,0,0,1,210,0,0,0

STAR,GITO4F,ALL,5
IF,GITOD,42.800347,12.310700, ,0.0,0.0,0,0,0,1,250,0,0,0
TF,RA421,42.396900,12.631278,0, ,0.0,0.0,0.0,0.0,0,0,0,0,0,0,0,0
TF,TIBER,42.248875,12.599000,0, ,0.0,0.0,0.0,0.0,0,0,0,1,230,0,0,0
TF,RA406,42.098969,12.524800,0, ,0.0,0.0,0.0,0.0,0,0,0,1,210,0,0,0
TF,RA407,41.983125,12.467700,0, ,0.0,0.0,0.0,0.0,0,0,0,1,210,0,0,0
TF,URB,41.944694,12.490056,0, ,0.0,0.0,0.0,0.0,0,0,0,1,210,0,0,0

STAR,LAT2F,ALL,5
IF,LAT,41.541111,12.918056, ,0.0,0.0,0,0,0,1,250,0,0,0
TF,RA404,42.066192,12.712708,0, ,0.0,0.0,0.0,0.0,0,0,0,1,210,0,0,0
TF,RA406,42.098969,12.524800,0, ,0.0,0.0,0.0,0.0,0,0,0,1,210,0,0,0
TF,RA407,41.983125,12.467700,0, ,0.0,0.0,0.0,0.0,0,0,0,1,210,0,0,0
TF,URB,41.944694,12.490056,0, ,0.0,0.0,0.0,0.0,0,0,0,1,210,0,0,0

STAR,LAT3G,ALL,5
IF,LAT,41.541111,12.918056, ,0.0,0.0,0,0,0,1,230,0,0,0
TF,RA416,41.672175,12.754308,0, ,0.0,0.0,0.0,0.0,0,0,0,1,230,0,0,0
TF,ROM,41.804667,12.588000,0, ,0.0,0.0,0.0,0.0,0,0,0,1,210,0,0,0

STAR,MOPU2F,ALL,5
IF,MOPUV,42.059722,13.281944, ,0.0,0.0,0,0,0,1,250,0,0,0
TF,DESUK,41.994758,13.135792,0, ,0.0,0.0,0.0,0.0,0,0,0,1,230,0,0,0
TF,PEMAR,42.029725,12.919444,0, ,0.0,0.0,0.0,0.0,0,0,0,0,0,0,0,0
TF,RA404,42.066192,12.712708,0, ,0.0,0.0,0.0,0.0,0,0,0,0,0,0,0,0
TF,RA406,42.098969,12.524800,0, ,0.0,0.0,0.0,0.0,0,0,0,1,210,0,0,0
TF,RA407,41.983125,12.467700,0, ,0.0,0.0,0.0,0.0,0,0,0,1,210,0,0,0
TF,URB,41.944694,12.490056,0, ,0.0,0.0,0.0,0.0,0,0,0,1,210,0,0,0

STAR,MOPU3G,ALL,5
IF,MOPUV,42.059722,13.281944, ,0.0,0.0,0,0,0,1,250,0,0,0
TF,DESUK,41.994758,13.135792,0, ,0.0,0.0,0.0,0.0,0,0,0,1,230,0,0,0
TF,RA413,41.956869,13.025811,0, ,0.0,0.0,0.0,0.0,0,0,0,1,230,0,0,0
TF,RA414,41.881331,12.807822,0, ,0.0,0.0,0.0,0.0,0,0,0,1,230,0,0,0
TF,ROM,41.804667,12.588000,0, ,0.0,0.0,0.0,0.0,0,0,0,1,210,0,0,0

STAR,VALM2F,ALL,5
IF,VALMA,41.577225,11.421389, ,0.0,0.0,0,0,0,1,270,0,0,0
TF,LUNAK,41.703250,11.870475,0, ,0.0,0.0,0.0,0.0,0,0,0,1,250,0,0,0
TF,OST,41.803778,12.237528,0, ,0.0,0.0,0.0,0.0,0,0,0,1,230,0,0,0
TF,RA409,42.029358,12.338808,0, ,0.0,0.0,0.0,0.0,0,0,0,1,210,0,0,0
TF,RA408,42.026728,12.437375,0, ,0.0,0.0,0.0,0.0,0,0,0,1,210,0,0,0
TF,RA407,41.983125,12.467700,0, ,0.0,0.0,0.0,0.0,0,0,0,1,210,0,0,0
TF,URB,41.944694,12.490056,0, ,0.0,0.0,0.0,0.0,0,0,0,1,210,0,0,0

STAR,VALM3G,ALL,5
IF,VALMA,41.577225,11.421389, ,0.0,0.0,0,0,0,1,270,0,0,0
TF,LUNAK,41.703250,11.870475,0, ,0.0,0.0,0.0,0.0,0,0,0,1,250,0,0,0
TF,OST,41.803778,12.237528,0, ,0.0,0.0,0.0,0.0,0,0,0,1,230,0,0,0
TF,RA409,42.029358,12.338808,0, ,0.0,0.0,0.0,0.0,0,0,0,1,210,0,0,0
TF,RA412,42.026531,12.444642,0, ,0.0,0.0,0.0,0.0,0,0,0,1,210,0,0,0
TF,ROM,41.804667,12.588000,0, ,0.0,0.0,0.0,0.0,0,0,0,1,210,0,0,0

APPTR,D15-U,15,URB
IF,URB,41.944694,12.490056, ,0.0,0.0,0,0,0,1,210,0,1,0
CF,D004I,41.952428,12.608678,0,ROM,3.9,8.9,34.0,3.5,0,0,0,0,0,0,0,1
CF,D344K,41.983833,12.528178,1,ROM,344.0,11.1,214.0,2.0,2,3000,0,0,0,0,1,1
TF,FD15,41.933489,12.514792,0, ,0.0,0.0,0.0,0.0,2,3000,0,0,0,0,0,0

FINAL,D15-U,15,D,3
IF,FD15,41.933489,12.514792,ROM,335.0,8.4,2,3000,0,0,0,0,2,0
CF,40VOR,41.865972,12.553217,0,ROM,335.0,4.0,155.0,4.4,2,1600,0,0,0,0,0,0
CF,MD15,41.819931,12.579372,0,ROM,335.0,0.0,155.0,3.0,1,660,0,0,0,0,3,0
CA,0,155.0,2,830,0,0,0,0,0,0
CF,D173Q,41.841450,12.414564,2,CMP,173.0,17.0,315.0,8.0,2,3000,0,1,185,0,0,0
TF,D173J,41.957728,12.400997,0, ,0.0,0.0,0.0,0.0,1,5000,0,0,0,0,0,0
TF,CMP,42.123833,12.381528,0, ,0.0,0.0,0.0,0.0,0,0,0,0,0,0,0,0

APPTR,D15-W,15,URB
IF,URB,41.944694,12.490056, ,0.0,0.0,0,0,0,1,210,0,1,0
CF,D004I,41.952428,12.608678,0,ROM,3.9,8.9,34.0,3.5,0,0,0,0,0,0,0,1
CF,D344K,41.983833,12.528178,1,ROM,344.0,11.1,214.0,2.0,2,3000,0,0,0,0,1,1
TF,FD15,41.933489,12.514792,0, ,0.0,0.0,0.0,0.0,2,3000,0,0,0,0,0,0

FINAL,D15-W,15,D,3
IF,FD15,41.933489,12.514792,ROM,335.0,8.4,2,3000,0,0,0,0,2,0
CF,40VOR,41.865972,12.553217,0,ROM,335.0,4.0,155.0,4.4,2,1600,0,0,0,0,0,0
CF,MD15,41.819931,12.579372,0,ROM,335.0,0.0,155.0,3.0,1,660,0,0,0,0,3,0
CA,0,155.0,2,830,0,0,0,0,0,0
CF,D110M,41.724511,12.498436,0,OST,110.0,12.6,218.0,6.3,2,2000,0,1,185,0,0,0
CF,RATIR,41.681667,12.449167,0,OST,125.5,12.0,218.0,3.4,1,3000,0,0,0,0,0,0

APPTR,D15-X,15,CMP
IF,CMP,42.123833,12.381528, ,0.0,0.0,0,0,0,0,0,0,0,0
CF,URB,41.944694,12.490056,0,ROM,330.4,9.5,154.0,12.0,2,3000,0,0,0,0,1,0
CF,FD15,41.933489,12.514792,0,ROM,335.0,8.4,125.0,1.3,2,3000,0,0,0,0,0,0

APPTR,D15-X,15,ROM1
IF,ROM,41.804667,12.588000, ,0.0,0.0,2,6000,0,0,0,0,1,0
FD,ROM,41.804667,12.588000,0,ROM,0.0,12.0,354.0,12.0,2,3000,0,1,240,0,0,0
CF,D335L,41.988717,12.483289,1,ROM,335.0,12.0,155.0,1.0,2,3000,0,0,0,0,1,0
CF,FD15,41.933489,12.514792,0,ROM,335.0,8.4,155.0,3.6,2,3000,0,0,0,0,0,0

APPTR,D15-X,15,ROM2
IF,ROM,41.804667,12.588000, ,0.0,0.0,2,6000,0,0,0,0,1,0
FD,ROM,41.804667,12.588000,0,ROM,0.0,12.0,343.0,12.0,2,3000,0,1,140,0,0,0
CF,D335L,41.988717,12.483289,1,ROM,335.0,12.0,155.0,1.0,2,3000,0,0,0,0,1,0
CF,FD15,41.933489,12.514792,0,ROM,335.0,8.4,155.0,3.6,2,3000,0,0,0,0,0,0

FINAL,D15-X,15,D,3
IF,FD15,41.933489,12.514792,ROM,335.0,8.4,2,3000,0,0,0,0,2,0
CF,40VOR,41.865972,12.553217,0,ROM,335.0,4.0,155.0,4.4,2,1600,0,0,0,0,0,0
CF,MD15,41.819931,12.579372,0,ROM,335.0,0.0,155.0,3.0,1,660,0,0,0,0,3,0
CA,0,155.0,2,830,0,0,0,0,0,0
CF,D173Q,41.841450,12.414564,2,CMP,173.0,17.0,315.0,8.0,2,3000,0,1,185,0,0,0
TF,D173J,41.957728,12.400997,0, ,0.0,0.0,0.0,0.0,1,5000,0,0,0,0,0,0
TF,CMP,42.123833,12.381528,0, ,0.0,0.0,0.0,0.0,0,0,0,0,0,0,0,0

APPTR,D15-Z,15,CMP
IF,CMP,42.123833,12.381528, ,0.0,0.0,0,0,0,0,0,0,0,0
CF,URB,41.944694,12.490056,0,ROM,330.4,9.5,154.0,12.0,2,3000,0,0,0,0,1,0
CF,FD15,41.933489,12.514792,0,ROM,335.0,8.4,125.0,1.3,2,3000,0,0,0,0,0,0

APPTR,D15-Z,15,ROM1
IF,ROM,41.804667,12.588000, ,0.0,0.0,2,6000,0,1,240,0,1,0
FD,ROM,41.804667,12.588000,0,ROM,0.0,12.0,354.0,12.0,2,3000,0,0,0,0,0,0
CF,D335L,41.988717,12.483289,1,ROM,335.0,12.0,155.0,1.0,2,3000,0,0,0,0,1,0
CF,FD15,41.933489,12.514792,0,ROM,335.0,8.4,155.0,3.6,2,3000,0,0,0,0,0,0

APPTR,D15-Z,15,ROM2
IF,ROM,41.804667,12.588000, ,0.0,0.0,2,6000,0,1,140,0,1,0
FD,ROM,41.804667,12.588000,0,ROM,0.0,12.0,343.0,12.0,2,3000,0,0,0,0,0,0
CF,D335L,41.988717,12.483289,1,ROM,335.0,12.0,155.0,1.0,2,3000,0,0,0,0,1,0
CF,FD15,41.933489,12.514792,0,ROM,335.0,8.4,155.0,3.6,2,3000,0,0,0,0,0,0

FINAL,D15-Z,15,D,3
IF,FD15,41.933489,12.514792,ROM,335.0,8.4,2,3000,0,0,0,0,2,0
CF,40VOR,41.865972,12.553217,0,ROM,335.0,4.0,155.0,4.4,2,1600,0,0,0,0,0,0
CF,MD15,41.819931,12.579372,0,ROM,335.0,0.0,155.0,3.0,1,660,0,0,0,0,3,0
CA,0,155.0,2,830,0,0,0,0,0,0
CF,D110M,41.724511,12.498436,0,OST,110.0,12.6,218.0,6.3,2,2000,0,1,185,0,0,0
CF,RATIR,41.681667,12.449167,0,OST,125.5,12.0,218.0,3.4,1,3000,0,0,0,0,0,0

APPTR,I15-U,15,URB
IF,URB,41.944694,12.490056, ,0.0,0.0,0,0,0,1,210,0,1,0
CF,D004I,41.952428,12.608678,0,ROM,3.9,8.9,34.0,3.5,0,0,0,0,0,0,0,1
CF,D341K,41.974050,12.518642,1,ROM,341.0,10.6,214.0,2.0,2,3000,0,0,0,0,1,0
VI,0, ,0.0,180.0,2,2500,0,0,0,0,0,0
CF,CF15,41.906361,12.520817,0,ICIA,330.7,8.0,150.0,3.0,2,2500,0,0,0,0,0,0

FINAL,I15-U,15,I,3
IF,CF15,41.906361,12.520817,ICIA,330.7,8.0,2,2500,0,0,0,0,0,0
CF,FF15,41.864894,12.549531,0,ICIA,330.7,5.2,150.0,2.8,1,1625,0,0,0,0,2,0
CF,RW15,41.808042,12.588836,0,ICIA,330.7,1.3,150.0,3.8,1,398,0,0,0,0,3,0
CA,0,150.0,2,750,0,0,0,0,0,0
CF,D173Q,41.841450,12.414564,2,CMP,173.0,17.0,315.0,8.0,2,3000,0,1,185,0,0,0
CF,D173J,41.957728,12.400997,0,CMP,173.0,10.0,353.0,7.0,1,5000,0,0,0,0,0,0
CF,CMP,42.123833,12.381528,0,CMP,0.0,0.0,353.0,10.0,0,0,0,0,0,0,0,0

APPTR,I15-W,15,URB
IF,URB,41.944694,12.490056, ,0.0,0.0,0,0,0,1,210,0,1,0
CF,D004I,41.952428,12.608678,0,ROM,3.9,8.9,34.0,3.5,0,0,0,0,0,0,0,1
CF,D341K,41.974050,12.518642,1,ROM,341.0,10.6,214.0,2.0,2,3000,0,0,0,0,1,0
VI,0, ,0.0,180.0,2,2500,0,0,0,0,0,0
CF,CF15,41.906361,12.520817,0,ICIA,330.7,8.0,150.0,3.0,2,2500,0,0,0,0,0,0

FINAL,I15-W,15,I,3
IF,CF15,41.906361,12.520817,ICIA,330.7,8.0,2,2500,0,0,0,0,0,0
CF,FF15,41.864894,12.549531,0,ICIA,330.7,5.2,150.0,2.8,1,1625,0,0,0,0,2,0
CF,RW15,41.808042,12.588836,0,ICIA,330.7,1.3,150.0,3.8,1,398,0,0,0,0,3,0
CA,0,150.0,2,750,0,0,0,0,0,0
VI,2, ,0.0,263.0,0,0,0,1,185,0,0,0
CF,D110M,41.724511,12.498436,0,OST,110.0,12.6,218.0,3.0,2,2000,0,0,0,0,0,0
CF,RATIR,41.681667,12.449167,0,OST,125.5,12.0,218.0,3.4,1,3000,0,0,0,0,0,0

APPTR,I15-X,15,CMP
IF,CMP,42.123833,12.381528, ,0.0,0.0,0,0,0,0,0,0,0,0
FC,CMP,42.123833,12.381528,0,CMP,0.0,0.0,154.0,7.8,2,3000,0,0,0,0,0,0
CF,URB,41.944694,12.490056,0,ICIA,329.8,10.6,154.0,4.0,2,3000,0,0,0,0,1,0

APPTR,I15-X,15,ROM1
IF,ROM,41.804667,12.588000, ,0.0,0.0,2,6000,0,1,240,0,0,0
FD,ROM,41.804667,12.588000,0,ROM,0.0,12.0,351.0,12.0,2,3000,0,1,240,0,0,0
CF,RA407,41.983125,12.467700,1,ROM,331.3,12.0,150.0,1.0,2,3000,0,0,0,0,0,0
CF,URB,41.944694,12.490056,0,ICIA,329.8,10.6,150.0,2.5,2,3000,0,0,0,0,1,0

APPTR,I15-X,15,ROM2
IF,ROM,41.804667,12.588000, ,0.0,0.0,2,6000,0,1,140,0,0,0
FD,ROM,41.804667,12.588000,0,ROM,0.0,12.0,338.0,12.0,2,3000,0,1,140,0,0,0
CF,RA407,41.983125,12.467700,1,ROM,331.3,12.0,150.0,1.0,2,3000,0,0,0,0,0,0
CF,URB,41.944694,12.490056,0,ICIA,329.8,10.6,150.0,2.5,2,3000,0,0,0,0,1,0

FINAL,I15-X,15,I,3
IF,URB,41.944694,12.490056,ICIA,329.8,10.6,2,3000,0,0,0,0,0,0
CF,FI15,41.928569,12.505419,0,ICIA,330.7,9.5,150.0,1.2,1,3000,0,0,0,0,2,0
CF,RW15,41.808042,12.588836,0,ICIA,330.7,1.3,150.0,8.1,1,398,0,0,0,0,3,0
CA,0,150.0,2,750,0,0,0,0,0,0
CF,D173Q,41.841450,12.414564,2,CMP,173.0,17.0,315.0,8.0,2,3000,0,1,185,0,0,0
CF,D173J,41.957728,12.400997,0,CMP,173.0,10.0,353.0,7.0,1,5000,0,0,0,0,0,0
CF,CMP,42.123833,12.381528,0,CMP,0.0,0.0,353.0,10.0,0,0,0,0,0,0,0,0

APPTR,I15-Z,15,CMP
IF,CMP,42.123833,12.381528, ,0.0,0.0,0,0,0,0,0,0,0,0
FC,CMP,42.123833,12.381528,0,CMP,0.0,0.0,154.0,7.8,2,3000,0,0,0,0,0,0
CF,URB,41.944694,12.490056,0,ICIA,329.8,10.6,154.0,4.0,2,3000,0,0,0,0,1,0

APPTR,I15-Z,15,ROM1
IF,ROM,41.804667,12.588000, ,0.0,0.0,2,6000,0,1,240,0,0,0
FD,ROM,41.804667,12.588000,0,ROM,0.0,12.0,351.0,12.0,2,3000,0,1,240,0,0,0
CF,RA407,41.983125,12.467700,1,ROM,331.3,12.0,150.0,1.0,2,3000,0,0,0,0,0,0
CF,URB,41.944694,12.490056,0,ICIA,329.8,10.6,150.0,2.5,2,3000,0,0,0,0,1,0

APPTR,I15-Z,15,ROM2
IF,ROM,41.804667,12.588000, ,0.0,0.0,2,6000,0,1,140,0,0,0
FD,ROM,41.804667,12.588000,0,ROM,0.0,12.0,338.0,12.0,2,3000,0,1,140,0,0,0
CF,RA407,41.983125,12.467700,1,ROM,331.3,12.0,150.0,1.0,2,3000,0,0,0,0,0,0
CF,URB,41.944694,12.490056,0,ICIA,329.8,10.6,150.0,2.5,2,3000,0,0,0,0,1,0

FINAL,I15-Z,15,I,3
IF,URB,41.944694,12.490056,ICIA,329.8,10.6,2,3000,0,0,0,0,0,0
CF,FI15,41.928569,12.505419,0,ICIA,330.7,9.5,150.0,1.2,1,3000,0,0,0,0,2,0
CF,RW15,41.808042,12.588836,0,ICIA,330.7,1.3,150.0,8.1,1,398,0,0,0,0,3,0
CA,0,150.0,2,750,0,0,0,0,0,0
VI,2, ,0.0,263.0,0,0,0,1,185,0,0,0
CF,D110M,41.724511,12.498436,0,OST,110.0,12.6,218.0,3.0,2,2000,0,0,0,0,0,0
CF,RATIR,41.681667,12.449167,0,OST,125.5,12.0,218.0,3.4,1,3000,0,0,0,0,0,0

APPTR,N15,15,URB
IF,URB,41.944694,12.490056, ,0.0,0.0,2,3000,0,0,0,0,1,0
CF,CIA,41.864944,12.560806,0,OST,74.0,15.0,145.0,5.8,2,1500,0,0,0,0,0,0

FINAL,N15,15,N,2
IF,CIA,41.864944,12.560806,CIA,0.0,0.0,2,1500,0,0,0,0,2,0
CF,MN15,41.825297,12.578025,0,CIA,0.0,0.0,160.0,2.5,1,746,0,0,0,0,3,0
CA,0,160.0,2,827,0,0,0,0,0,0
CF,D179F,41.849283,12.487875,2,OST,74.6,11.6,342.0,4.0,1,3000,0,1,185,0,0,0
CF,URB,41.944694,12.490056,0,OST,51.4,14.1,359.0,5.8,0,0,0,0,0,0,0,0

APPTR,R15-A,15,FRS
IF,FRS,41.642528,13.292361, ,0.0,0.0,0,0,0,0,0,0,1,0
TF,RA771,41.612419,12.894167,0, ,0.0,0.0,0.0,0.0,2,9000,0,0,0,0,0,0
TF,RA772,41.603814,12.783672,0, ,0.0,0.0,0.0,0.0,2,5000,0,0,0,0,0,0
TF,RA762,41.593361,12.654414,0, ,0.0,0.0,0.0,0.0,2,4000,0,0,0,0,0,0
TF,RA763,41.642300,12.639147,0, ,0.0,0.0,0.0,0.0,2,3000,0,0,0,0,1,0

APPTR,R15-A,15,IDROX
IF,IDROX,41.561111,12.664722, ,0.0,0.0,1,5000,0,0,0,0,1,0
TF,RA763,41.642300,12.639147,0, ,0.0,0.0,0.0,0.0,2,3000,0,0,0,0,1,0

APPTR,R15-A,15,LAT
IF,LAT,41.541111,12.918056, ,0.0,0.0,0,0,0,0,0,0,1,0
TF,RA773,41.562556,12.810808,0, ,0.0,0.0,0.0,0.0,2,6000,0,0,0,0,0,0
TF,RA762,41.593361,12.654414,0, ,0.0,0.0,0.0,0.0,2,4000,0,0,0,0,0,0
TF,RA763,41.642300,12.639147,0, ,0.0,0.0,0.0,0.0,2,3000,0,0,0,0,1,0

APPTR,R15-A,15,ROM
IF,ROM,41.804667,12.588000, ,0.0,0.0,2,6000,0,0,0,0,1,0
TF,RA767,41.630047,12.569883,0, ,0.0,0.0,0.0,0.0,0,0,0,0,0,0,0,0
TF,RA768,41.581367,12.585197,0, ,0.0,0.0,0.0,0.0,0,0,0,1,185,0,0,0
TF,RA762,41.593361,12.654414,0, ,0.0,0.0,0.0,0.0,2,4000,0,1,185,0,0,0
TF,RA763,41.642300,12.639147,0, ,0.0,0.0,0.0,0.0,2,3000,0,0,0,0,1,0

FINAL,R15-A,15,G,3
IF,RA763,41.642300,12.639147, ,0.0,0.0,2,3000,0,0,0,0,0,0
TF,RA764,41.672811,12.629569,0, ,0.0,0.0,345.0,1.9,2,3000,0,0,0,0,2,0
TF,RA766,41.739675,12.608542,0, ,0.0,0.0,345.0,4.1,1,1470,0,0,0,0,3,1
TF,ROM,41.804667,12.588000,0, ,0.0,0.0,0.0,0.0,0,0,0,0,0,0,0,0
TF,RA761,41.872017,12.544644,0, ,0.0,0.0,0.0,0.0,0,0,0,0,0,0,0,0
CF,RA759,41.924150,12.510950,0,ROM,332.3,8.0,332.0,3.5,1,3000,0,0,0,0,0,1

APPTR,R33-A,33,FRS
IF,FRS,41.642528,13.292361, ,0.0,0.0,0,0,0,0,0,0,1,0
TF,RA771,41.612419,12.894167,0, ,0.0,0.0,0.0,0.0,2,9000,0,0,0,0,0,0
TF,RA772,41.603814,12.783672,0, ,0.0,0.0,0.0,0.0,2,5000,0,0,0,0,0,0
TF,RA762,41.593361,12.654414,0, ,0.0,0.0,0.0,0.0,2,4000,0,0,0,0,0,0
TF,RA763,41.642300,12.639147,0, ,0.0,0.0,0.0,0.0,2,3000,0,0,0,0,1,0

APPTR,R33-A,33,IDROX
IF,IDROX,41.561111,12.664722, ,0.0,0.0,1,5000,0,0,0,0,1,0
TF,RA763,41.642300,12.639147,0, ,0.0,0.0,0.0,0.0,2,3000,0,0,0,0,1,0

APPTR,R33-A,33,LAT
IF,LAT,41.541111,12.918056, ,0.0,0.0,0,0,0,0,0,0,1,0
TF,RA773,41.562556,12.810808,0, ,0.0,0.0,0.0,0.0,2,6000,0,0,0,0,0,0
TF,RA762,41.593361,12.654414,0, ,0.0,0.0,0.0,0.0,2,4000,0,0,0,0,0,0
TF,RA763,41.642300,12.639147,0, ,0.0,0.0,0.0,0.0,2,3000,0,0,0,0,1,0

APPTR,R33-A,33,ROM
IF,ROM,41.804667,12.588000, ,0.0,0.0,2,6000,0,0,0,0,1,0
TF,RA767,41.630047,12.569883,0, ,0.0,0.0,0.0,0.0,0,0,0,0,0,0,0,0
TF,RA768,41.581367,12.585197,0, ,0.0,0.0,0.0,0.0,0,0,0,1,185,0,0,0
TF,RA762,41.593361,12.654414,0, ,0.0,0.0,0.0,0.0,2,4000,0,1,185,0,0,0
TF,RA763,41.642300,12.639147,0, ,0.0,0.0,0.0,0.0,2,3000,0,0,0,0,1,0

FINAL,R33-A,33,G,3
IF,RA763,41.642300,12.639147, ,0.0,0.0,2,3000,0,0,0,0,0,0
TF,RA764,41.672811,12.629569,0, ,0.0,0.0,345.0,1.9,2,3000,0,0,0,0,2,0
TF,RA766,41.739675,12.608542,0, ,0.0,0.0,345.0,4.1,1,1470,0,0,0,0,3,1
TF,ROM,41.804667,12.588000,0, ,0.0,0.0,0.0,0.0,0,0,0,0,0,0,0,0
TF,RA761,41.872017,12.544644,0, ,0.0,0.0,0.0,0.0,0,0,0,0,0,0,0,0
CF,RA759,41.924150,12.510950,0,ROM,332.3,8.0,332.0,3.5,1,3000,0,0,0,0,0,1

APPTR,V15-A,15,FRS
FD,FRS,41.642528,13.292361,0,FRS,0.0,18.0,267.0,18.0,2,9000,0,0,0,0,1,0
CF,D267W,41.634336,12.783800,0,FRS,266.9,22.9,267.0,5.0,2,5000,0,0,0,0,0,0
CF,D157K,41.632397,12.676167,0,ROM,157.0,11.1,267.0,4.8,2,3400,0,0,0,0,0,1
CF,D165J,41.642097,12.638086,0,ROM,165.0,10.0,345.0,2.0,2,3000,0,0,0,0,1,0
CF,CE33,41.679472,12.626608,0,ROM,165.0,7.7,345.0,2.3,2,3000,0,0,0,0,0,0

APPTR,V15-A,15,IDROX
IF,IDROX,41.561111,12.664722, ,0.0,0.0,2,5000,0,0,0,0,1,0
CF,D165J,41.642097,12.638086,0,ROM,165.0,10.0,345.0,5.0,2,3000,0,0,0,0,1,0
CF,CE33,41.679472,12.626608,0,ROM,165.0,7.7,345.0,2.3,2,3000,0,0,0,0,0,0

APPTR,V15-A,15,LAT
FD,LAT,41.541111,12.918056,0,LAT,0.0,5.0,290.0,5.0,2,6000,0,0,0,0,1,0
CF,D160L,41.611872,12.671506,0,ROM,160.0,12.2,290.0,6.9,2,3000,0,0,0,0,0,1
CF,D165J,41.642097,12.638086,0,ROM,165.0,10.0,345.0,2.4,2,3000,0,0,0,0,1,0
CF,CE33,41.679472,12.626608,0,ROM,165.0,7.7,345.0,2.3,2,3000,0,0,0,0,0,0

APPTR,V15-A,15,ROM1
IF,ROM,41.804667,12.588000, ,0.0,0.0,2,6000,0,1,180,0,1,0
CF,D179J,41.637861,12.584203,0,ROM,179.0,10.0,179.0,10.0,2,3000,0,1,180,0,0,1
CF,D165J,41.642097,12.638086,1,ROM,165.0,10.0,345.0,1.0,2,3000,0,0,0,0,1,0
CF,CE33,41.679472,12.626608,0,ROM,165.0,7.7,345.0,2.3,2,3000,0,0,0,0,0,0

APPTR,V15-A,15,ROM2
IF,ROM,41.804667,12.588000, ,0.0,0.0,2,6000,0,1,140,0,1,0
CF,D174J,41.638242,12.603589,0,ROM,174.0,10.0,174.0,10.0,2,3000,0,1,140,0,0,1
CF,D165J,41.642097,12.638086,1,ROM,165.0,10.0,345.0,1.0,2,3000,0,0,0,0,1,0
CF,CE33,41.679472,12.626608,0,ROM,165.0,7.7,345.0,2.3,2,3000,0,0,0,0,0,0

FINAL,V15-A,15,D,4
IF,CE33,41.679472,12.626608,ROM,165.0,7.7,2,3000,0,0,0,0,0,0
CF,FE33,41.707094,12.618117,0,ROM,165.0,6.0,345.0,1.7,2,2350,0,0,0,0,2,0
CF,40VO2,41.739592,12.608114,0,ROM,165.0,4.0,345.0,2.0,2,1600,0,0,0,0,0,0
CF,ME33,41.755839,12.603111,0,ROM,165.0,3.0,345.0,1.0,1,1350,0,0,0,0,3,0
CF,ROM,41.804667,12.588000,0,ROM,0.0,0.0,345.0,3.0,2,1350,0,0,0,0,0,0
CF,SUBAR,41.925278,12.514722,0,ROM,333.6,7.9,334.0,7.9,1,3000,0,0,0,0,0,0

APPTR,V33-A,33,FRS
FD,FRS,41.642528,13.292361,0,FRS,0.0,18.0,267.0,18.0,2,9000,0,0,0,0,1,0
CF,D267W,41.634336,12.783800,0,FRS,266.9,22.9,267.0,5.0,2,5000,0,0,0,0,0,0
CF,D157K,41.632397,12.676167,0,ROM,157.0,11.1,267.0,4.8,2,3400,0,0,0,0,0,1
CF,D165J,41.642097,12.638086,0,ROM,165.0,10.0,345.0,2.0,2,3000,0,0,0,0,1,0
CF,CE33,41.679472,12.626608,0,ROM,165.0,7.7,345.0,2.3,2,3000,0,0,0,0,0,0

APPTR,V33-A,33,IDROX
IF,IDROX,41.561111,12.664722, ,0.0,0.0,2,5000,0,0,0,0,1,0
CF,D165J,41.642097,12.638086,0,ROM,165.0,10.0,345.0,5.0,2,3000,0,0,0,0,1,0
CF,CE33,41.679472,12.626608,0,ROM,165.0,7.7,345.0,2.3,2,3000,0,0,0,0,0,0

APPTR,V33-A,33,LAT
FD,LAT,41.541111,12.918056,0,LAT,0.0,5.0,290.0,5.0,2,6000,0,0,0,0,1,0
CF,D160L,41.611872,12.671506,0,ROM,160.0,12.2,290.0,6.9,2,3000,0,0,0,0,0,1
CF,D165J,41.642097,12.638086,0,ROM,165.0,10.0,345.0,2.4,2,3000,0,0,0,0,1,0
CF,CE33,41.679472,12.626608,0,ROM,165.0,7.7,345.0,2.3,2,3000,0,0,0,0,0,0

APPTR,V33-A,33,ROM1
IF,ROM,41.804667,12.588000, ,0.0,0.0,2,6000,0,1,180,0,1,0
CF,D179J,41.637861,12.584203,0,ROM,179.0,10.0,179.0,10.0,2,3000,0,1,180,0,0,1
CF,D165J,41.642097,12.638086,1,ROM,165.0,10.0,345.0,1.0,2,3000,0,0,0,0,1,0
CF,CE33,41.679472,12.626608,0,ROM,165.0,7.7,345.0,2.3,2,3000,0,0,0,0,0,0

APPTR,V33-A,33,ROM2
IF,ROM,41.804667,12.588000, ,0.0,0.0,2,6000,0,1,140,0,1,0
CF,D174J,41.638242,12.603589,0,ROM,174.0,10.0,174.0,10.0,2,3000,0,1,140,0,0,1
CF,D165J,41.642097,12.638086,1,ROM,165.0,10.0,345.0,1.0,2,3000,0,0,0,0,1,0
CF,CE33,41.679472,12.626608,0,ROM,165.0,7.7,345.0,2.3,2,3000,0,0,0,0,0,0

FINAL,V33-A,33,D,4
IF,CE33,41.679472,12.626608,ROM,165.0,7.7,2,3000,0,0,0,0,0,0
CF,FE33,41.707094,12.618117,0,ROM,165.0,6.0,345.0,1.7,2,2350,0,0,0,0,2,0
CF,40VO2,41.739592,12.608114,0,ROM,165.0,4.0,345.0,2.0,2,1600,0,0,0,0,0,0
CF,ME33,41.755839,12.603111,0,ROM,165.0,3.0,345.0,1.0,1,1350,0,0,0,0,3,0
CF,ROM,41.804667,12.588000,0,ROM,0.0,0.0,345.0,3.0,2,1350,0,0,0,0,0,0
CF,SUBAR,41.925278,12.514722,0,ROM,333.6,7.9,334.0,7.9,1,3000,0,0,0,0,0,0

