SID,ELVI5R,13,2
CF,D128D,41.579425,12.562550,0,LAT,276.3,16.2,128.0,7.0,0,0,0,0,0,0,0,1
CF,ELVIN,41.493889,12.161389,2,LAT,263.5,34.2,263.0,17.0,1,3000,0,0,0,0,0,0

SID,ELVI5S,31,2
CF,D308E,41.670411,12.417867,0,LAT,287.2,23.8,308.0,1.0,0,0,0,0,0,0,0,1
CI,1, ,0.0,200.0,0,0,0,0,0,0,0,0
CF,ELVIN,41.493889,12.161389,0,LAT,263.5,34.2,241.0,8.0,1,3000,0,0,0,0,0,0

SID,ELVI5T,13,5
CF,RE501,41.579278,12.562472,0,TPR,127.3,4.0,128.0,7.0,1,3000,0,0,0,0,0,1
CF,ELVIN,41.493889,12.161389,2,TPR,241.0,16.8,263.0,17.0,1,3000,0,0,0,0,0,0

SID,ELVI5U,31,5
VA,0,308.0,2,600,0,0,0,0,0,0
CR,1,TPR,241.0,200.0,0,0,0,0,0,0,0,0
CF,ELVIN,41.493889,12.161389,0,TPR,241.0,16.8,241.0,8.0,1,3000,0,0,0,0,0,0

SID,LAT5R,13,2
CF,D128D,41.579425,12.562550,0,TPR,127.2,4.0,128.0,7.0,1,3000,0,0,0,0,0,1
CF,LAT,41.541111,12.918056,0,LAT,0.0,0.0,97.0,15.0,2,6000,0,0,0,0,0,0

SID,LAT5T,13,5
CF,RE501,41.579278,12.562472,0,TPR,127.3,4.0,128.0,7.0,1,3000,0,0,0,0,0,1
CF,LAT,41.541111,12.918056,0,LAT,0.0,0.0,97.0,15.0,2,6000,0,0,0,0,0,0

SID,LAT5U,31,5
VA,0,308.0,2,600,0,0,0,0,0,0
DF,RE501,41.579278,12.562472,1, ,0.0,0.0,2,3000,0,0,0,0,0,0
CF,LAT,41.541111,12.918056,0,LAT,0.0,0.0,97.0,16.0,2,6000,0,0,0,0,0,0

SID,OKUN5T,13,2
CF,RE501,41.579278,12.562472,0,TPR,127.3,4.0,128.0,7.0,1,3000,0,0,0,0,0,1
DF,RA502,41.707811,12.830561,1, ,0.0,0.0,1,8000,0,0,0,0,0,0
TF,PEMAR,42.029725,12.919444,0, ,0.0,0.0,0.0,0.0,2,11000,0,0,0,0,0,0
TF,OKUNO,42.107222,12.972500,0, ,0.0,0.0,0.0,0.0,2,14000,0,0,0,0,0,0

SID,OKUN5U,31,5
VA,0,308.0,2,600,0,0,0,0,0,0
DF,RE501,41.579278,12.562472,1, ,0.0,0.0,2,3000,0,0,0,0,0,1
DF,RA502,41.707811,12.830561,0, ,0.0,0.0,1,8000,0,0,0,0,0,0
TF,PEMAR,42.029725,12.919444,0, ,0.0,0.0,0.0,0.0,2,11000,0,0,0,0,0,0
TF,OKUNO,42.107222,12.972500,0, ,0.0,0.0,0.0,0.0,2,14000,0,0,0,0,0,0

SID,PEMA5S,31,2
CF,D308E,41.670411,12.417867,0,TPR,308.7,4.5,308.0,1.0,0,0,0,0,0,0,0,0
CR,2,TPR,354.0,130.0,0,0,0,0,0,0,0,0
VI,0, ,0.0,81.0,0,0,0,0,0,0,0,0
CF,PEMAR,42.029725,12.919444,0,TPR,35.8,31.1,36.0,26.0,2,11000,0,0,0,0,0,0

SID,PEMA5T,13,5
CF,RE501,41.579278,12.562472,0,TPR,127.3,4.0,128.0,7.0,1,3000,0,0,0,0,0,1
DF,RA502,41.707811,12.830561,1, ,0.0,0.0,1,8000,0,0,0,0,0,0
TF,PEMAR,42.029725,12.919444,0, ,0.0,0.0,0.0,0.0,2,11000,0,0,0,0,0,0

SID,PEMA5U,31,5
VA,0,308.0,2,600,0,0,0,0,0,0
DF,RE501,41.579278,12.562472,1, ,0.0,0.0,2,3000,0,0,0,0,0,1
DF,RA502,41.707811,12.830561,0, ,0.0,0.0,1,8000,0,0,0,0,0,0
TF,PEMAR,42.029725,12.919444,0, ,0.0,0.0,0.0,0.0,2,11000,0,0,0,0,0,0

SID,RIFI5M,31,2
CF,D308E,41.670411,12.417867,0,TPR,308.7,4.5,308.0,1.0,0,0,0,0,0,0,0,1
CF,TPR,41.621556,12.493778,2,TPR,0.0,0.0,174.0,5.0,3,1500,0,0,0,0,0,0
TF,D174H,41.488519,12.506706,0, ,0.0,0.0,0.0,0.0,1,2500,0,0,0,0,0,0
TF,RIFFI,41.224444,12.532222,0, ,0.0,0.0,0.0,0.0,1,3000,0,0,0,0,0,0

SID,RIFI5N,31,2
CF,D308E,41.670411,12.417867,0,TPR,308.7,4.5,308.0,1.0,0,0,0,0,0,0,0,1
CR,2,ROM,182.0,130.0,1,2000,0,0,0,0,0,0
CF,D182V,41.438164,12.552681,0,ROM,182.2,22.0,182.0,14.0,1,2500,0,0,0,0,0,1
TF,RIFFI,41.224444,12.532222,0, ,0.0,0.0,0.0,0.0,1,3000,0,0,0,0,0,0

SID,RIFI5P,13,2
CF,D128D,41.579425,12.562550,0,LAT,276.3,16.2,128.0,7.0,1,3000,0,0,0,0,0,1
CI,0, ,0.0,128.0,0,0,0,0,0,0,0,0
AF,D152W,41.458850,12.461022,2,OST,152.0,23.0,130.0,0,0,0,0,0,0,0,0
CF,RIFFI,41.224444,12.532222,1,OST,157.0,37.2,157.0,12.0,2,4000,0,0,0,0,0,0

SID,RIFI5Q,31,2
CF,D308E,41.670411,12.417867,0,TPR,308.7,4.5,308.0,1.0,0,0,0,0,0,0,0,1
CI,1, ,0.0,95.0,0,0,0,0,0,0,0,0
CF,D128D,41.579425,12.562550,0,TPR,127.2,4.0,130.0,2.0,1,3000,0,0,0,0,0,0
CI,0, ,0.0,130.0,0,0,0,0,0,0,0,0
AF,D152W,41.458850,12.461022,2,OST,152.0,23.0,130.0,0,0,0,0,0,0,0,0
CF,RIFFI,41.224444,12.532222,1,OST,157.0,37.2,157.0,12.0,1,4000,0,0,0,0,0,0

SID,RIFI5R,13,2
CF,D128D,41.579425,12.562550,0,TPR,127.2,4.0,128.0,7.0,1,3000,0,0,0,0,0,1
VI,2, ,0.0,219.0,0,0,0,0,0,0,0,0
CF,RIFFI,41.224444,12.532222,0,TPR,173.8,23.9,174.0,17.0,1,3000,0,0,0,0,0,0

SID,RIFI5S,31,2
CF,D308E,41.670411,12.417867,0,LAT,287.2,23.8,308.0,1.0,0,0,0,0,0,0,0,1
CI,1, ,0.0,120.0,0,0,0,0,0,0,0,0
CF,D174H,41.488519,12.506706,0,LAT,258.5,18.8,174.0,6.0,1,2500,0,0,0,0,0,0
TF,RIFFI,41.224444,12.532222,0, ,0.0,0.0,0.0,0.0,1,3000,0,0,0,0,0,0

SID,RIFI5T,13,5
CF,RE501,41.579278,12.562472,0,TPR,127.3,4.0,128.0,7.0,1,3000,0,0,0,0,0,1
VI,0, ,0.0,204.0,0,0,0,0,0,0,0,0
CF,RIFFI,41.224444,12.532222,0,TPR,173.8,23.9,174.0,15.0,2,5000,0,0,0,0,0,0

SID,RIFI5U,31,5
VA,0,308.0,2,600,0,0,0,0,0,0
CR,1,TPR,174.0,120.0,0,0,0,0,0,0,0,0
CF,RE502,41.496872,12.506717,0,TPR,173.5,7.5,174.0,4.0,2,3000,0,0,0,0,0,0
TF,RIFFI,41.224444,12.532222,0, ,0.0,0.0,0.0,0.0,2,5000,0,0,0,0,0,0

SID,RIFI5V,31,5
VA,0,308.0,2,600,0,1,200,0,0,0
DF,TPR,41.621556,12.493778,2, ,0.0,0.0,2,2000,0,1,200,0,0,0
TF,RE502,41.496872,12.506717,0, ,0.0,0.0,0.0,0.0,2,3000,0,1,200,0,0,0
TF,RIFFI,41.224444,12.532222,0, ,0.0,0.0,0.0,0.0,2,5000,0,0,0,0,0,0

SID,SIPR5T,13,5
CF,RE501,41.579278,12.562472,0,OST,130.6,19.9,128.0,7.0,1,3000,0,0,0,0,0,1
CF,LAT,41.541111,12.918056,0,LAT,0.0,0.0,97.0,16.0,2,6000,0,0,0,0,0,0
TF,SIPRO,41.446019,13.680528,0, ,0.0,0.0,0.0,0.0,2,11000,0,0,0,0,0,0

SID,SIPR5U,31,5
VA,0,308.0,2,600,0,0,0,0,0,0
DF,RE501,41.579278,12.562472,1, ,0.0,0.0,2,3000,0,0,0,0,0,0
CF,LAT,41.541111,12.918056,0,LAT,0.0,0.0,97.0,16.0,2,6000,0,0,0,0,0,0
TF,SIPRO,41.446019,13.680528,0, ,0.0,0.0,0.0,0.0,2,11000,0,0,0,0,0,0

STAR,DESU1L,31,2
IF,DESUK,41.994758,13.135792, ,0.0,0.0,0,0,0,0,0,0,0,0
TF,TPR,41.621556,12.493778,0, ,0.0,0.0,0.0,0.0,0,0,0,0,0,0,0,0
TF,TOBUP,41.472222,12.472778,0, ,0.0,0.0,0.0,0.0,0,0,0,0,0,0,0,0

STAR,ELVI1L,31,2
IF,ELVIN,41.493889,12.161389, ,0.0,0.0,0,0,0,0,0,0,0,0
CR,0,TPR,193.0,120.0,0,0,0,0,0,0,0,0
CF,D184N,41.389375,12.461372,1,TPR,184.0,14.0,4.0,1.0,0,0,0,0,0,0,0,0
TF,TOBUP,41.472222,12.472778,0, ,0.0,0.0,0.0,0.0,0,0,0,0,0,0,0,0

STAR,ELVI1V,31,2
IF,ELVIN,41.493889,12.161389, ,0.0,0.0,0,0,0,0,0,0,0,0
CR,0,OST,170.0,132.0,0,0,0,0,0,0,0,0
CF,IDENU,41.407222,12.408611,1,OST,159.7,25.0,340.0,1.0,0,0,0,0,0,0,0,0

STAR,GRA1L,31,2
IF,GRA,41.060028,14.088722, ,0.0,0.0,0,0,0,0,0,0,0,0
TF,D113M,41.531319,12.756267,0, ,0.0,0.0,0.0,0.0,0,0,0,0,0,0,0,0
CI,0, ,0.0,293.0,0,0,0,0,0,0,0,0
AF,D152K,41.456642,12.600664,2,TPR,152.0,11.0,113.0,0,0,0,0,0,0,0,0
AF,D174K,41.438572,12.510781,2,TPR,174.0,11.0,152.0,0,0,0,0,0,0,0,0
CF,TOBUP,41.472222,12.472778,2,TPR,184.0,9.0,4.0,1.0,0,0,0,0,0,0,0,0

STAR,LAT1V,DES1V,1
IF,DESUK,41.994758,13.135792, ,0.0,0.0,0,0,0,0,0,0,0,0
TF,LAT,41.541111,12.918056,0, ,0.0,0.0,0.0,0.0,0,0,0,0,0,0,0,0

STAR,LAT1V,MOP1V,1
IF,MOPUV,42.059722,13.281944, ,0.0,0.0,0,0,0,0,0,0,0,0
TF,DESUK,41.994758,13.135792,0, ,0.0,0.0,0.0,0.0,0,0,0,0,0,0,0,0
TF,LAT,41.541111,12.918056,0, ,0.0,0.0,0.0,0.0,0,0,0,0,0,0,0,0

STAR,LAT1V,PEM1V,1
IF,PEMAR,42.029725,12.919444, ,0.0,0.0,0,0,0,0,0,0,0,0
TF,LAT,41.541111,12.918056,0, ,0.0,0.0,0.0,0.0,0,0,0,0,0,0,0,0

STAR,LAT1V,31,2
IF,LAT,41.541111,12.918056, ,0.0,0.0,0,0,0,0,0,0,0,0
TF,OST29,41.582711,12.811331,0, ,0.0,0.0,0.0,0.0,0,0,0,0,0,0,0,0
CI,0, ,0.0,296.0,0,0,0,0,0,0,0,0
AF,OS27A,41.425722,12.563328,2,OST,145.0,27.0,116.0,0,0,0,0,0,0,0,0
AF,OS27B,41.392217,12.480711,2,OST,154.0,27.0,145.0,0,0,0,0,0,0,0,0
CF,IDENU,41.407222,12.408611,2,OST,159.7,25.0,340.0,1.0,0,0,0,0,0,0,0,0

STAR,MOPU1L,31,2
IF,MOPUV,42.059722,13.281944, ,0.0,0.0,0,0,0,0,0,0,0,0
TF,DESUK,41.994758,13.135792,0, ,0.0,0.0,0.0,0.0,0,0,0,0,0,0,0,0
TF,TPR,41.621556,12.493778,0, ,0.0,0.0,0.0,0.0,0,0,0,0,0,0,0,0
TF,TOBUP,41.472222,12.472778,0, ,0.0,0.0,0.0,0.0,0,0,0,0,0,0,0,0

STAR,PEMA1L,31,2
IF,PEMAR,42.029725,12.919444, ,0.0,0.0,0,0,0,0,0,0,0,0
TF,TPR,41.621556,12.493778,0, ,0.0,0.0,0.0,0.0,0,0,0,0,0,0,0,0
TF,TOBUP,41.472222,12.472778,0, ,0.0,0.0,0.0,0.0,0,0,0,0,0,0,0,0

STAR,RIFI1L,PNZ1L,1
IF,PNZ,40.911944,12.957500, ,0.0,0.0,0,0,0,0,0,0,0,0
TF,RIFFI,41.224444,12.532222,0, ,0.0,0.0,0.0,0.0,0,0,0,0,0,0,0,0

STAR,RIFI1L,31,2
IF,RIFFI,41.224444,12.532222, ,0.0,0.0,0,0,0,0,0,0,0,0
VI,0, ,0.0,313.0,0,0,0,0,0,0,0,0
CF,TOBUP,41.472222,12.472778,0,TPR,184.0,9.0,4.0,12.0,0,0,0,0,0,0,0,0

STAR,RIFI1V,31,2
IF,RIFFI,41.224444,12.532222, ,0.0,0.0,0,0,0,0,0,0,0,0
CI,0, ,0.0,310.0,0,0,0,0,0,0,0,0
CF,IDENU,41.407222,12.408611,0,OST,159.7,25.0,340.0,10.0,0,0,0,0,0,0,0,0

APPTR,D13,13,CMP
IF,CMP,42.123833,12.381528, ,0.0,0.0,2,5000,0,0,0,0,0,0
FD,CMP,42.123833,12.381528,0,CMP,0.0,6.0,234.0,6.0,2,3000,0,0,0,0,0,0
CF,MIKSO,42.024444,12.186667,0,OST,348.3,13.4,234.0,4.6,2,2500,0,0,0,0,0,0
CF,D161B,41.798169,12.281508,0,OST,97.7,2.0,161.0,14.2,2,2500,0,0,0,0,1,0
CF,CD13,41.756597,12.300514,0,OST,133.0,4.0,161.0,2.6,2,2000,0,0,0,0,0,0

APPTR,D13,13,TAQ
IF,TAQ,42.215056,11.732611, ,0.0,0.0,2,6000,0,0,0,0,0,0
TF,GOLPO,42.049167,12.128056,0, ,0.0,0.0,0.0,0.0,2,4000,0,0,0,0,0,0
CF,MIKSO,42.024444,12.186667,0,OST,348.3,13.4,118.0,3.0,2,2500,0,0,0,0,0,0
CF,D161B,41.798169,12.281508,0,OST,97.7,2.0,161.0,14.2,2,2500,0,0,0,0,1,0
CF,CD13,41.756597,12.300514,0,OST,133.0,4.0,161.0,2.6,2,2000,0,0,0,0,0,0

FINAL,D13,13,D,3
IF,CD13,41.756597,12.300514,OST,133.0,4.0,2,2000,0,0,0,0,0,0
CF,FD13,41.721189,12.347692,0,OST,133.0,7.0,133.0,3.0,2,2000,0,0,0,0,2,0
CF,MD13,41.662133,12.426208,0,OST,133.0,12.0,133.0,5.0,1,229,0,0,0,0,3,0
CA,0,133.0,2,450,0,0,0,0,0,0
CI,0, ,0.0,100.0,0,0,0,0,0,0,0,0
CF,D130S,41.591353,12.551156,0,OST,130.0,19.0,130.0,6.5,1,3000,0,0,0,0,0,0
HM,D130S,41.591353,12.551156,2, ,0.0,0.0,310.0,04,0,0,0,1,185,0,0,0,0

APPTR,I31-X,31,LAT
IF,LAT,41.541111,12.918056, ,0.0,0.0,2,6000,0,1,185,0,0,0
CF,D165E,41.459867,12.942986,0,LAT,165.0,5.0,135.0,5.0,0,0,0,0,0,0,1,1
CF,D135D,41.488131,12.983733,1,LAT,135.0,4.3,315.0,1.0,2,6000,0,0,0,0,0,0
CF,LAT,41.541111,12.918056,0,LAT,0.0,0.0,315.0,4.3,2,4200,0,0,0,0,0,0
CF,D277E,41.554100,12.808425,0,LAT,277.0,5.0,277.0,5.0,1,2000,0,0,0,0,0,0
CF,D277H,41.561844,12.742625,0,LAT,277.0,8.0,277.0,3.0,2,1600,0,0,0,0,0,0
CF,D277O,41.579767,12.589033,0,LAT,277.0,15.0,277.0,7.0,2,1500,0,0,0,0,0,0
CF,CI31X,41.578572,12.563644,0,PRA,128.0,7.9,277.0,1.2,2,1400,0,0,0,0,1,0

FINAL,I31-X,31,I,3
IF,CI31X,41.578572,12.563644,PRA,128.0,7.9,2,1400,0,0,0,0,0,0
CF,FI31X,41.603264,12.524553,0,PRA,128.0,5.6,308.0,2.3,1,1400,0,0,0,0,2,0
CF,RW31,41.646428,12.456147,0,PRA,128.0,1.6,308.0,4.0,1,97,0,0,0,0,3,0
CA,0,308.0,2,450,0,0,0,0,0,0
VI,1, ,0.0,70.0,0,0,0,0,0,0,0,0
CF,D130B,41.603956,12.519808,0,LAT,280.0,18.3,100.0,5.0,1,1000,0,0,0,0,0,0
CF,D280H,41.568714,12.744300,0,LAT,280.0,8.0,100.0,10.3,1,2000,0,0,0,0,0,0
CF,LAT,41.541111,12.918056,0,LAT,0.0,0.0,100.0,8.0,2,4200,0,0,0,0,0,0
HM,LAT,41.541111,12.918056,1, ,0.0,0.0,315.0,04.3,1,6000,0,1,185,0,0,0,0

APPTR,I31-Y,31,IDENU
IF,IDENU,41.407222,12.408611, ,0.0,0.0,2,2000,0,0,0,0,1,0
CI,0, ,0.0,340.0,0,0,0,0,0,0,0,0
AF,D139W,41.506536,12.560683,1,OST,138.7,23.0,160.0,0,0,0,0,0,0,0,0
CF,CI31Y,41.573297,12.572244,0,PRA,128.0,8.4,308.0,3.0,1,1600,0,0,0,0,0,0

FINAL,I31-Y,31,I,3
IF,CI31Y,41.573297,12.572244,PRA,128.0,8.4,1,1600,0,0,0,0,0,0
CF,FI31Y,41.596894,12.534831,0,PRA,128.0,6.2,308.0,2.2,1,1600,0,0,0,0,2,0
CF,RW31,41.646428,12.456147,0,PRA,128.0,1.6,308.0,4.6,1,97,0,0,0,0,3,0
CA,0,308.0,2,450,0,0,0,0,0,0
CI,1, ,0.0,205.0,0,0,0,0,0,0,0,0
CF,D160P,41.549986,12.347278,0,OST,160.0,16.0,160.0,4.0,1,1000,0,0,0,0,0,0
CF,IDENU,41.407222,12.408611,0,OST,160.0,25.0,160.0,9.0,1,2000,0,0,0,0,0,0
HM,IDENU,41.407222,12.408611,1, ,0.0,0.0,340.0,04,0,0,0,1,185,0,0,0,0

APPTR,I31-Z,31,TOBUP
IF,TOBUP,41.472222,12.472778, ,0.0,0.0,2,2000,0,0,0,0,1,0
CI,0, ,0.0,4.0,0,0,0,0,0,0,0,0
AF,D147G,41.521472,12.573769,1,TPR,147.0,7.0,184.0,0,0,0,0,0,0,0,0
CF,CI31Z,41.573275,12.572211,0,PRA,127.9,8.4,308.0,3.0,1,1600,0,0,0,0,0,0

FINAL,I31-Z,31,I,3
IF,CI31Z,41.573275,12.572211,PRA,127.9,8.4,1,1600,0,0,0,0,0,0
CF,FI31Z,41.596894,12.534831,0,PRA,128.0,6.2,308.0,2.2,1,1600,0,0,0,0,2,0
CF,RW31,41.646428,12.456147,0,PRA,128.0,1.6,308.0,4.6,1,97,0,0,0,0,3,0
CA,0,308.0,2,450,0,0,0,0,0,0
CR,1,TPR,233.0,140.0,1,1000,0,0,0,0,0,0
CI,0, ,0.0,140.0,0,0,0,0,0,0,0,0
CF,TOBUP,41.472222,12.472778,0,TPR,184.0,9.0,184.0,5.0,1,2000,0,0,0,0,0,0
HM,TOBUP,41.472222,12.472778,1, ,0.0,0.0,4.0,05,0,0,0,1,230,0,0,0,0

APPTR,T13,13,CMP
IF,CMP,42.123833,12.381528, ,0.0,0.0,2,5000,0,0,0,0,0,0
FD,CMP,42.123833,12.381528,0,CMP,0.0,6.0,234.0,6.0,2,3000,0,0,0,0,0,0
CF,MIKSO,42.024444,12.186667,0,OST,348.3,13.4,234.0,4.6,2,2500,0,0,0,0,0,0
CF,D161B,41.798169,12.281508,0,OST,97.7,2.0,161.0,14.2,2,2500,0,0,0,0,1,0
CF,CT13,41.741742,12.308947,0,TPR,309.0,11.0,161.0,3.6,2,2000,0,0,0,0,0,0

APPTR,T13,13,TAQ
IF,TAQ,42.215056,11.732611, ,0.0,0.0,2,6000,0,0,0,0,0,0
TF,GOLPO,42.049167,12.128056,0, ,0.0,0.0,0.0,0.0,2,4000,0,0,0,0,0,0
CF,MIKSO,42.024444,12.186667,0,OST,348.3,13.4,118.0,3.0,2,2500,0,0,0,0,0,0
CF,D161B,41.798169,12.281508,0,OST,97.7,2.0,161.0,14.2,2,2500,0,0,0,0,1,0
CF,CT13,41.741742,12.308947,0,TPR,309.0,11.0,161.0,3.6,2,2000,0,0,0,0,0,0

FINAL,T13,13,D,3
IF,CT13,41.741742,12.308947,TPR,309.0,11.0,2,2000,0,0,0,0,0,0
CF,FT13,41.719911,12.342603,0,TPR,309.0,9.0,129.0,2.0,2,2000,0,0,0,0,2,0
CF,MT13,41.665294,12.426644,0,TPR,309.0,4.0,129.0,5.0,1,256,0,0,0,0,3,0
CF,TPR,41.621556,12.493778,0,TPR,0.0,0.0,129.0,4.0,2,2000,0,0,0,0,0,0
CF,D132D,41.575203,12.557672,0,TPR,132.0,4.0,132.0,4.0,1,2000,0,0,0,0,0,0
HM,D132D,41.575203,12.557672,1, ,0.0,0.0,312.0,04,0,0,0,1,185,0,0,0,0

APPTR,T31-Z,31,TOBUP
IF,TOBUP,41.472222,12.472778, ,0.0,0.0,2,2000,0,0,0,0,1,0
CI,0, ,0.0,4.0,0,0,0,0,0,0,0,0
AF,D150G,41.518469,12.566689,1,TPR,150.0,7.0,184.0,0,0,0,0,0,0,0,0
CF,FT31Z,41.563608,12.573633,0,TPR,132.0,5.0,312.0,2.0,2,2000,0,0,0,0,0,0

FINAL,T31-Z,31,D,2
IF,FT31Z,41.563608,12.573633,TPR,132.0,5.0,2,2000,0,0,0,0,2,0
CF,MT31Z,41.644717,12.461794,0,TPR,312.0,2.0,312.0,7.0,1,169,0,0,0,0,3,0
CA,0,312.0,2,450,0,0,0,0,0,0
CR,1,TPR,233.0,140.0,1,1000,0,0,0,0,0,0
CI,0, ,0.0,140.0,0,0,0,0,0,0,0,0
CF,TOBUP,41.472222,12.472778,0,TPR,184.0,9.0,184.0,5.0,1,2000,0,0,0,0,0,0
HM,TOBUP,41.472222,12.472778,1, ,0.0,0.0,4.0,05,0,0,0,1,230,0,0,0,0

